set horizon := 0 1 2 3 4 5 6 7 8 9 10 11 12 13 14 15 16 17 18 19 20 21 22 23 ;

set datasets := 0 1 2 3 4 5 6 7 8 9 10 11 12 13 ;

set weatherBins := 0 1 2 3 4 5 6 7 8 ;

param energyDemand := 
0 0 34959.302119 
0 1 34228.791122 
0 2 34093.251734 
0 3 34273.165386 
0 4 35133.099789 
0 5 37269.111829 
0 6 40626.743062 
0 7 42796.454958 
0 8 42931.939428 
0 9 42319.817655 
0 10 41575.951212 
0 11 40717.302267 
0 12 39753.526068 
0 13 39084.475336 
0 14 38599.251852 
0 15 38285.675321 
0 16 38416.883557 
0 17 38413.295262 
0 18 38586.805171 
0 19 39462.203181 
0 20 39225.233026 
0 21 38609.296002 
0 22 37495.304306 
0 23 36199.463909 
1 0 35053.622538 
1 1 34339.733447 
1 2 34030.154486 
1 3 34118.270788 
1 4 34377.155924 
1 5 35300.310791 
1 6 36903.614490 
1 7 38738.575773 
1 8 39885.693640 
1 9 39899.718207 
1 10 39150.919057 
1 11 38174.480032 
1 12 37329.491714 
1 13 36885.119710 
1 14 36573.629678 
1 15 36667.440838 
1 16 36969.330089 
1 17 37159.352069 
1 18 37448.200098 
1 19 38156.725406 
1 20 37791.980131 
1 21 37082.157687 
1 22 36030.239835 
1 23 34689.791363 
2 0 33823.231951 
2 1 33049.815345 
2 2 33049.815345 
2 3 32661.760943 
2 4 32503.665084 
2 5 32596.774660 
2 6 32897.996763 
2 7 33787.729107 
2 8 35093.085748 
2 9 36427.954644 
2 10 37271.255155 
2 11 37439.904742 
2 12 37155.962036 
2 13 37123.496492 
2 14 37430.833190 
2 15 37869.108416 
2 16 38350.698279 
2 17 38944.565567 
2 18 39223.414681 
2 19 39525.913935 
2 20 40445.352256 
2 21 39900.416360 
2 22 38887.216442 
2 23 37535.672718 
3 0 35606.530161 
3 1 33687.367753 
3 2 32410.605985 
3 3 31792.521086 
3 4 31604.755429 
3 5 31817.186696 
3 6 32766.279130 
3 7 34914.630198 
3 8 38209.069305 
3 9 39393.908654 
3 10 39605.567036 
3 11 39916.627638 
3 12 40279.009807 
3 13 40697.989060 
3 14 41083.286664 
3 15 41775.276717 
3 16 42326.700671 
3 17 42598.329191 
3 18 42676.129584 
3 19 42878.227881 
3 20 43512.609143 
3 21 42664.578713 
3 22 41419.966432 
3 23 39674.529893 
4 0 37229.065910 
4 1 35017.662422 
4 2 33394.050748 
4 3 32413.874254 
4 4 31906.331655 
4 5 31796.340640 
4 6 32305.096698 
4 7 34015.590129 
4 8 36896.265423 
4 9 38026.468942 
4 10 38543.778831 
4 11 39242.666264 
4 12 39953.040669 
4 13 40672.514286 
4 14 41218.266474 
4 15 41915.084495 
4 16 42385.383234 
4 17 42667.713796 
4 18 42679.569487 
4 19 42666.872078 
4 20 43529.967596 
4 21 42715.972357 
4 22 41683.312858 
4 23 40068.540860 
5 0 37793.764102 
5 1 35492.681452 
5 2 33785.207500 
5 3 32862.252304 
5 4 32337.554002 
5 5 32143.118912 
5 6 32706.608410 
5 7 34539.928381 
5 8 37470.886981 
5 9 38817.613578 
5 10 39631.107834 
5 11 40665.277927 
5 12 41870.434855 
5 13 42825.373412 
5 14 43688.117660 
5 15 44582.623490 
5 16 45112.404231 
5 17 45240.149825 
5 18 45254.009511 
5 19 45137.813259 
5 20 45442.755296 
5 21 44427.254152 
5 22 43300.691117 
5 23 41440.039139 
6 0 39036.505792 
6 1 36581.616803 
6 2 34853.259578 
6 3 33645.196862 
6 4 32859.315616 
6 5 32495.063794 
6 6 32881.093982 
6 7 34425.767009 
6 8 37271.500643 
6 9 38378.080938 
6 10 39092.521574 
6 11 39853.998928 
6 12 40524.186873 
6 13 41167.339632 
6 14 41787.086298 
6 15 42511.465909 
6 16 42952.687732 
6 17 43037.779195 
6 18 42792.621365 
6 19 42611.514683 
6 20 42894.021209 
6 21 41935.982326 
6 22 40905.094506 
6 23 39465.539007 
7 0 37357.470246 
7 1 35444.098272 
7 2 34083.485085 
7 3 33373.164259 
7 4 33004.788126 
7 5 33109.711365 
7 6 33773.535795 
7 7 35725.392442 
7 8 38879.728893 
7 9 40241.365840 
7 10 40435.568941 
7 11 40595.550907 
7 12 40774.826376 
7 13 41156.566394 
7 14 41509.562621 
7 15 42127.160508 
7 16 42447.891406 
7 17 42410.124187 
7 18 42025.271458 
7 19 41724.817287 
7 20 41896.920547 
7 21 40844.550134 
7 22 39908.518439 
7 23 38941.358956 
8 0 37596.601213 
8 1 36037.306325 
8 2 34822.402410 
8 3 34095.297774 
8 4 33863.853986 
8 5 33884.337275 
8 6 34408.498985 
8 7 35491.248000 
8 8 37174.532517 
8 9 38679.299984 
8 10 39715.344269 
8 11 39842.068844 
8 12 39480.667684 
8 13 38925.790933 
8 14 38640.979170 
8 15 38354.733290 
8 16 38274.433412 
8 17 38272.313447 
8 18 38304.309524 
8 19 38641.806462 
8 20 39317.609679 
8 21 38921.426141 
8 22 38448.658117 
8 23 37684.572903 
9 0 36596.857978 
9 1 35393.556993 
9 2 34219.252009 
9 3 33414.930945 
9 4 32922.155438 
9 5 32875.833211 
9 6 32991.528413 
9 7 33606.294313 
9 8 34726.110375 
9 9 35834.077417 
9 10 36847.593568 
9 11 37315.317209 
9 12 37369.039135 
9 13 37467.977514 
9 14 37867.413664 
9 15 38349.519893 
9 16 38949.548875 
9 17 39627.763689 
9 18 39933.280426 
9 19 40593.173805 
9 20 41469.325677 
9 21 40789.119549 
9 22 39918.422260 
9 23 38564.369061 
10 0 36623.773951 
10 1 34531.017220 
10 2 33146.245184 
10 3 32272.439796 
10 4 31984.120344 
10 5 32181.749883 
10 6 32958.801564 
10 7 34943.181735 
10 8 38173.846922 
10 9 39530.898768 
10 10 39989.959265 
10 11 40463.366737 
10 12 41071.230918 
10 13 41823.871942 
10 14 42788.090596 
10 15 43987.839055 
10 16 44949.001403 
10 17 45365.904273 
10 18 45323.098647 
10 19 44962.393302 
10 20 45378.667011 
10 21 44282.248635 
10 22 43033.310960 
10 23 41430.716284 
11 0 39192.838014 
11 1 36558.594164 
11 2 34751.150292 
11 3 33536.380057 
11 4 32890.667352 
11 5 32718.612454 
11 6 33207.264287 
11 7 34850.730967 
11 8 37963.985012 
11 9 39312.596109 
11 10 40385.013916 
11 11 41530.742157 
11 12 42677.408130 
11 13 43842.816950 
11 14 44964.594189 
11 15 46214.794776 
11 16 47090.233399 
11 17 47455.961610 
11 18 47224.093420 
11 19 46739.639396 
11 20 46962.733933 
11 21 45892.223204 
11 22 44611.470692 
11 23 42904.079139 
12 0 40448.729805 
12 1 37799.239085 
12 2 35816.732442 
12 3 34564.567545 
12 4 33790.446770 
12 5 33524.084626 
12 6 34036.076967 
12 7 35555.428804 
12 8 38244.655518 
12 9 39374.369399 
12 10 40458.126900 
12 11 42100.617113 
12 12 43741.025966 
12 13 45224.033984 
12 14 46603.412045 
12 15 47974.437119 
12 16 48761.620130 
12 17 48965.933596 
12 18 48508.391365 
12 19 47815.062647 
12 20 47599.509309 
12 21 46260.289411 
12 22 44908.116168 
12 23 42949.956503 
13 0 40272.221902 
13 1 37827.166057 
13 2 35899.640590 
13 3 34708.682482 
13 4 33911.046084 
13 5 33641.878401 
13 6 34089.118276 
13 7 35760.405021 
13 8 38821.990676 
13 9 40124.091232 
13 10 40466.419523 
13 11 41139.111684 
13 12 41210.948078 
13 13 40875.395240 
13 14 40532.745367 
13 15 40423.708319 
13 16 40303.834305 
13 17 40040.773185 
13 18 40024.269763 
13 19 41178.240314 
13 20 42377.034901 
13 21 42270.954512 
13 22 41777.214337 
13 23 40549.346544;

param histWeather := 
0 0 46.400000 
0 1 45.200000 
0 2 44.300000 
0 3 43.400000 
0 4 42.400000 
0 5 41.900000 
0 6 41.200000 
0 7 40.300000 
0 8 41.200000 
0 9 45.500000 
0 10 50.500000 
0 11 54.700000 
0 12 57.200000 
0 13 59.100000 
0 14 60.500000 
0 15 61.400000 
0 16 61.900000 
0 17 61.500000 
0 18 58.800000 
0 19 54.900000 
0 20 50.600000 
0 21 48.300000 
0 22 47.200000 
0 23 45.600000 
1 0 44.700000 
1 1 44.200000 
1 2 43.200000 
1 3 42.800000 
1 4 41.600000 
1 5 41.400000 
1 6 40.200000 
1 7 40.400000 
1 8 41.400000 
1 9 46.800000 
1 10 52.600000 
1 11 57.400000 
1 12 61.500000 
1 13 63.500000 
1 14 65.500000 
1 15 66.600000 
1 16 66.700000 
1 17 66.700000 
1 18 63.600000 
1 19 56.700000 
1 20 54.700000 
1 21 52.100000 
1 22 51.000000 
1 23 49.400000 
2 0 49.700000 
2 1 49.500000 
2 2 47.300000 
2 3 45.700000 
2 4 45.700000 
2 5 45.100000 
2 6 43.600000 
2 7 42.500000 
2 8 42.400000 
2 9 43.100000 
2 10 50.300000 
2 11 57.000000 
2 12 62.000000 
2 13 65.800000 
2 14 67.800000 
2 15 69.800000 
2 16 71.000000 
2 17 71.700000 
2 18 70.800000 
2 19 67.000000 
2 20 61.600000 
2 21 58.700000 
2 22 57.600000 
2 23 56.400000 
3 0 55.800000 
3 1 55.600000 
3 2 54.100000 
3 3 53.100000 
3 4 52.500000 
3 5 51.400000 
3 6 49.600000 
3 7 48.200000 
3 8 45.700000 
3 9 45.400000 
3 10 51.200000 
3 11 58.500000 
3 12 65.900000 
3 13 70.700000 
3 14 72.700000 
3 15 73.900000 
3 16 75.000000 
3 17 75.400000 
3 18 74.600000 
3 19 70.700000 
3 20 65.800000 
3 21 63.300000 
3 22 62.000000 
3 23 60.900000 
4 0 60.100000 
4 1 59.000000 
4 2 57.100000 
4 3 56.900000 
4 4 56.600000 
4 5 56.600000 
4 6 55.800000 
4 7 56.100000 
4 8 55.500000 
4 9 55.100000 
4 10 58.600000 
4 11 63.500000 
4 12 67.400000 
4 13 71.400000 
4 14 73.200000 
4 15 74.400000 
4 16 75.700000 
4 17 74.800000 
4 18 73.200000 
4 19 70.600000 
4 20 67.200000 
4 21 64.900000 
4 22 63.000000 
4 23 62.700000 
5 0 62.800000 
5 1 62.300000 
5 2 62.500000 
5 3 63.200000 
5 4 63.200000 
5 5 62.900000 
5 6 62.600000 
5 7 62.800000 
5 8 62.900000 
5 9 63.400000 
5 10 64.700000 
5 11 67.100000 
5 12 70.700000 
5 13 73.800000 
5 14 77.200000 
5 15 78.400000 
5 16 78.800000 
5 17 79.000000 
5 18 77.600000 
5 19 76.400000 
5 20 74.600000 
5 21 73.800000 
5 22 73.000000 
5 23 71.800000 
6 0 70.400000 
6 1 69.500000 
6 2 68.800000 
6 3 67.800000 
6 4 66.900000 
6 5 66.800000 
6 6 66.500000 
6 7 63.900000 
6 8 59.900000 
6 9 57.500000 
6 10 59.300000 
6 11 61.500000 
6 12 64.200000 
6 13 66.500000 
6 14 68.900000 
6 15 70.900000 
6 16 71.600000 
6 17 71.100000 
6 18 69.900000 
6 19 65.500000 
6 20 61.600000 
6 21 58.500000 
6 22 57.100000 
6 23 55.500000 
7 0 53.800000 
7 1 51.900000 
7 2 50.500000 
7 3 48.200000 
7 4 46.100000 
7 5 46.200000 
7 6 44.900000 
7 7 44.600000 
7 8 43.700000 
7 9 44.700000 
7 10 52.600000 
7 11 58.700000 
7 12 64.100000 
7 13 68.500000 
7 14 71.200000 
7 15 72.900000 
7 16 73.000000 
7 17 72.300000 
7 18 70.900000 
7 19 66.500000 
7 20 62.000000 
7 21 58.700000 
7 22 56.100000 
7 23 54.500000 
8 0 52.500000 
8 1 50.500000 
8 2 49.500000 
8 3 48.300000 
8 4 46.700000 
8 5 43.900000 
8 6 43.300000 
8 7 43.100000 
8 8 42.100000 
8 9 42.200000 
8 10 46.600000 
8 11 51.500000 
8 12 55.900000 
8 13 58.700000 
8 14 61.500000 
8 15 63.000000 
8 16 64.400000 
8 17 65.600000 
8 18 65.300000 
8 19 60.300000 
8 20 54.900000 
8 21 52.600000 
8 22 52.900000 
8 23 51.400000 
9 0 51.000000 
9 1 50.200000 
9 2 50.300000 
9 3 50.400000 
9 4 50.100000 
9 5 48.200000 
9 6 45.900000 
9 7 45.300000 
9 8 44.600000 
9 9 45.400000 
9 10 52.100000 
9 11 60.200000 
9 12 65.500000 
9 13 69.900000 
9 14 72.800000 
9 15 75.000000 
9 16 75.700000 
9 17 76.500000 
9 18 75.800000 
9 19 72.500000 
9 20 66.700000 
9 21 62.200000 
9 22 62.400000 
9 23 61.500000 
10 0 61.100000 
10 1 61.000000 
10 2 60.600000 
10 3 59.900000 
10 4 58.600000 
10 5 56.800000 
10 6 56.200000 
10 7 55.000000 
10 8 54.100000 
10 9 53.400000 
10 10 59.900000 
10 11 66.600000 
10 12 71.500000 
10 13 74.600000 
10 14 77.500000 
10 15 79.300000 
10 16 79.200000 
10 17 80.100000 
10 18 78.700000 
10 19 75.100000 
10 20 71.300000 
10 21 69.100000 
10 22 68.700000 
10 23 68.100000 
11 0 66.800000 
11 1 65.400000 
11 2 64.600000 
11 3 63.600000 
11 4 62.300000 
11 5 61.700000 
11 6 61.200000 
11 7 60.800000 
11 8 61.200000 
11 9 62.800000 
11 10 64.800000 
11 11 67.100000 
11 12 70.200000 
11 13 74.700000 
11 14 76.800000 
11 15 79.000000 
11 16 79.800000 
11 17 79.600000 
11 18 78.700000 
11 19 76.000000 
11 20 73.200000 
11 21 71.900000 
11 22 70.800000 
11 23 68.800000 
12 0 67.300000 
12 1 66.900000 
12 2 66.900000 
12 3 66.500000 
12 4 66.300000 
12 5 65.800000 
12 6 65.200000 
12 7 64.300000 
12 8 63.700000 
12 9 64.200000 
12 10 67.500000 
12 11 71.400000 
12 12 77.300000 
12 13 79.100000 
12 14 80.000000 
12 15 81.500000 
12 16 81.700000 
12 17 81.800000 
12 18 80.800000 
12 19 77.800000 
12 20 73.500000 
12 21 71.400000 
12 22 70.800000 
12 23 70.100000 
13 0 67.600000 
13 1 66.500000 
13 2 64.800000 
13 3 62.500000 
13 4 60.800000 
13 5 59.000000 
13 6 57.200000 
13 7 55.400000 
13 8 54.200000 
13 9 53.700000 
13 10 55.100000 
13 11 57.800000 
13 12 59.000000 
13 13 60.000000 
13 14 62.300000 
13 15 63.600000 
13 16 64.500000 
13 17 64.700000 
13 18 64.200000 
13 19 60.700000 
13 20 56.300000 
13 21 53.900000 
13 22 52.100000 
13 23 49.900000;

param weatherBinIndicator := 
0 0 0 0.000000 
0 0 1 1.000000 
0 0 2 0.000000 
0 0 3 0.000000 
0 0 4 0.000000 
0 0 5 0.000000 
0 0 6 0.000000 
0 0 7 0.000000 
0 0 8 0.000000 
0 1 0 0.000000 
0 1 1 1.000000 
0 1 2 0.000000 
0 1 3 0.000000 
0 1 4 0.000000 
0 1 5 0.000000 
0 1 6 0.000000 
0 1 7 0.000000 
0 1 8 0.000000 
0 2 0 0.000000 
0 2 1 1.000000 
0 2 2 0.000000 
0 2 3 0.000000 
0 2 4 0.000000 
0 2 5 0.000000 
0 2 6 0.000000 
0 2 7 0.000000 
0 2 8 0.000000 
0 3 0 0.000000 
0 3 1 1.000000 
0 3 2 0.000000 
0 3 3 0.000000 
0 3 4 0.000000 
0 3 5 0.000000 
0 3 6 0.000000 
0 3 7 0.000000 
0 3 8 0.000000 
0 4 0 1.000000 
0 4 1 0.000000 
0 4 2 0.000000 
0 4 3 0.000000 
0 4 4 0.000000 
0 4 5 0.000000 
0 4 6 0.000000 
0 4 7 0.000000 
0 4 8 0.000000 
0 5 0 1.000000 
0 5 1 0.000000 
0 5 2 0.000000 
0 5 3 0.000000 
0 5 4 0.000000 
0 5 5 0.000000 
0 5 6 0.000000 
0 5 7 0.000000 
0 5 8 0.000000 
0 6 0 1.000000 
0 6 1 0.000000 
0 6 2 0.000000 
0 6 3 0.000000 
0 6 4 0.000000 
0 6 5 0.000000 
0 6 6 0.000000 
0 6 7 0.000000 
0 6 8 0.000000 
0 7 0 1.000000 
0 7 1 0.000000 
0 7 2 0.000000 
0 7 3 0.000000 
0 7 4 0.000000 
0 7 5 0.000000 
0 7 6 0.000000 
0 7 7 0.000000 
0 7 8 0.000000 
0 8 0 1.000000 
0 8 1 0.000000 
0 8 2 0.000000 
0 8 3 0.000000 
0 8 4 0.000000 
0 8 5 0.000000 
0 8 6 0.000000 
0 8 7 0.000000 
0 8 8 0.000000 
0 9 0 0.000000 
0 9 1 1.000000 
0 9 2 0.000000 
0 9 3 0.000000 
0 9 4 0.000000 
0 9 5 0.000000 
0 9 6 0.000000 
0 9 7 0.000000 
0 9 8 0.000000 
0 10 0 0.000000 
0 10 1 0.000000 
0 10 2 1.000000 
0 10 3 0.000000 
0 10 4 0.000000 
0 10 5 0.000000 
0 10 6 0.000000 
0 10 7 0.000000 
0 10 8 0.000000 
0 11 0 0.000000 
0 11 1 0.000000 
0 11 2 0.000000 
0 11 3 1.000000 
0 11 4 0.000000 
0 11 5 0.000000 
0 11 6 0.000000 
0 11 7 0.000000 
0 11 8 0.000000 
0 12 0 0.000000 
0 12 1 0.000000 
0 12 2 0.000000 
0 12 3 1.000000 
0 12 4 0.000000 
0 12 5 0.000000 
0 12 6 0.000000 
0 12 7 0.000000 
0 12 8 0.000000 
0 13 0 0.000000 
0 13 1 0.000000 
0 13 2 0.000000 
0 13 3 0.000000 
0 13 4 1.000000 
0 13 5 0.000000 
0 13 6 0.000000 
0 13 7 0.000000 
0 13 8 0.000000 
0 14 0 0.000000 
0 14 1 0.000000 
0 14 2 0.000000 
0 14 3 0.000000 
0 14 4 1.000000 
0 14 5 0.000000 
0 14 6 0.000000 
0 14 7 0.000000 
0 14 8 0.000000 
0 15 0 0.000000 
0 15 1 0.000000 
0 15 2 0.000000 
0 15 3 0.000000 
0 15 4 1.000000 
0 15 5 0.000000 
0 15 6 0.000000 
0 15 7 0.000000 
0 15 8 0.000000 
0 16 0 0.000000 
0 16 1 0.000000 
0 16 2 0.000000 
0 16 3 0.000000 
0 16 4 1.000000 
0 16 5 0.000000 
0 16 6 0.000000 
0 16 7 0.000000 
0 16 8 0.000000 
0 17 0 0.000000 
0 17 1 0.000000 
0 17 2 0.000000 
0 17 3 0.000000 
0 17 4 1.000000 
0 17 5 0.000000 
0 17 6 0.000000 
0 17 7 0.000000 
0 17 8 0.000000 
0 18 0 0.000000 
0 18 1 0.000000 
0 18 2 0.000000 
0 18 3 0.000000 
0 18 4 1.000000 
0 18 5 0.000000 
0 18 6 0.000000 
0 18 7 0.000000 
0 18 8 0.000000 
0 19 0 0.000000 
0 19 1 0.000000 
0 19 2 0.000000 
0 19 3 1.000000 
0 19 4 0.000000 
0 19 5 0.000000 
0 19 6 0.000000 
0 19 7 0.000000 
0 19 8 0.000000 
0 20 0 0.000000 
0 20 1 0.000000 
0 20 2 1.000000 
0 20 3 0.000000 
0 20 4 0.000000 
0 20 5 0.000000 
0 20 6 0.000000 
0 20 7 0.000000 
0 20 8 0.000000 
0 21 0 0.000000 
0 21 1 0.000000 
0 21 2 1.000000 
0 21 3 0.000000 
0 21 4 0.000000 
0 21 5 0.000000 
0 21 6 0.000000 
0 21 7 0.000000 
0 21 8 0.000000 
0 22 0 0.000000 
0 22 1 1.000000 
0 22 2 0.000000 
0 22 3 0.000000 
0 22 4 0.000000 
0 22 5 0.000000 
0 22 6 0.000000 
0 22 7 0.000000 
0 22 8 0.000000 
0 23 0 0.000000 
0 23 1 1.000000 
0 23 2 0.000000 
0 23 3 0.000000 
0 23 4 0.000000 
0 23 5 0.000000 
0 23 6 0.000000 
0 23 7 0.000000 
0 23 8 0.000000 
1 0 0 0.000000 
1 0 1 1.000000 
1 0 2 0.000000 
1 0 3 0.000000 
1 0 4 0.000000 
1 0 5 0.000000 
1 0 6 0.000000 
1 0 7 0.000000 
1 0 8 0.000000 
1 1 0 0.000000 
1 1 1 1.000000 
1 1 2 0.000000 
1 1 3 0.000000 
1 1 4 0.000000 
1 1 5 0.000000 
1 1 6 0.000000 
1 1 7 0.000000 
1 1 8 0.000000 
1 2 0 0.000000 
1 2 1 1.000000 
1 2 2 0.000000 
1 2 3 0.000000 
1 2 4 0.000000 
1 2 5 0.000000 
1 2 6 0.000000 
1 2 7 0.000000 
1 2 8 0.000000 
1 3 0 0.000000 
1 3 1 1.000000 
1 3 2 0.000000 
1 3 3 0.000000 
1 3 4 0.000000 
1 3 5 0.000000 
1 3 6 0.000000 
1 3 7 0.000000 
1 3 8 0.000000 
1 4 0 1.000000 
1 4 1 0.000000 
1 4 2 0.000000 
1 4 3 0.000000 
1 4 4 0.000000 
1 4 5 0.000000 
1 4 6 0.000000 
1 4 7 0.000000 
1 4 8 0.000000 
1 5 0 1.000000 
1 5 1 0.000000 
1 5 2 0.000000 
1 5 3 0.000000 
1 5 4 0.000000 
1 5 5 0.000000 
1 5 6 0.000000 
1 5 7 0.000000 
1 5 8 0.000000 
1 6 0 1.000000 
1 6 1 0.000000 
1 6 2 0.000000 
1 6 3 0.000000 
1 6 4 0.000000 
1 6 5 0.000000 
1 6 6 0.000000 
1 6 7 0.000000 
1 6 8 0.000000 
1 7 0 1.000000 
1 7 1 0.000000 
1 7 2 0.000000 
1 7 3 0.000000 
1 7 4 0.000000 
1 7 5 0.000000 
1 7 6 0.000000 
1 7 7 0.000000 
1 7 8 0.000000 
1 8 0 1.000000 
1 8 1 0.000000 
1 8 2 0.000000 
1 8 3 0.000000 
1 8 4 0.000000 
1 8 5 0.000000 
1 8 6 0.000000 
1 8 7 0.000000 
1 8 8 0.000000 
1 9 0 0.000000 
1 9 1 1.000000 
1 9 2 0.000000 
1 9 3 0.000000 
1 9 4 0.000000 
1 9 5 0.000000 
1 9 6 0.000000 
1 9 7 0.000000 
1 9 8 0.000000 
1 10 0 0.000000 
1 10 1 0.000000 
1 10 2 1.000000 
1 10 3 0.000000 
1 10 4 0.000000 
1 10 5 0.000000 
1 10 6 0.000000 
1 10 7 0.000000 
1 10 8 0.000000 
1 11 0 0.000000 
1 11 1 0.000000 
1 11 2 0.000000 
1 11 3 1.000000 
1 11 4 0.000000 
1 11 5 0.000000 
1 11 6 0.000000 
1 11 7 0.000000 
1 11 8 0.000000 
1 12 0 0.000000 
1 12 1 0.000000 
1 12 2 0.000000 
1 12 3 0.000000 
1 12 4 1.000000 
1 12 5 0.000000 
1 12 6 0.000000 
1 12 7 0.000000 
1 12 8 0.000000 
1 13 0 0.000000 
1 13 1 0.000000 
1 13 2 0.000000 
1 13 3 0.000000 
1 13 4 0.000000 
1 13 5 1.000000 
1 13 6 0.000000 
1 13 7 0.000000 
1 13 8 0.000000 
1 14 0 0.000000 
1 14 1 0.000000 
1 14 2 0.000000 
1 14 3 0.000000 
1 14 4 0.000000 
1 14 5 1.000000 
1 14 6 0.000000 
1 14 7 0.000000 
1 14 8 0.000000 
1 15 0 0.000000 
1 15 1 0.000000 
1 15 2 0.000000 
1 15 3 0.000000 
1 15 4 0.000000 
1 15 5 1.000000 
1 15 6 0.000000 
1 15 7 0.000000 
1 15 8 0.000000 
1 16 0 0.000000 
1 16 1 0.000000 
1 16 2 0.000000 
1 16 3 0.000000 
1 16 4 0.000000 
1 16 5 1.000000 
1 16 6 0.000000 
1 16 7 0.000000 
1 16 8 0.000000 
1 17 0 0.000000 
1 17 1 0.000000 
1 17 2 0.000000 
1 17 3 0.000000 
1 17 4 0.000000 
1 17 5 1.000000 
1 17 6 0.000000 
1 17 7 0.000000 
1 17 8 0.000000 
1 18 0 0.000000 
1 18 1 0.000000 
1 18 2 0.000000 
1 18 3 0.000000 
1 18 4 0.000000 
1 18 5 1.000000 
1 18 6 0.000000 
1 18 7 0.000000 
1 18 8 0.000000 
1 19 0 0.000000 
1 19 1 0.000000 
1 19 2 0.000000 
1 19 3 1.000000 
1 19 4 0.000000 
1 19 5 0.000000 
1 19 6 0.000000 
1 19 7 0.000000 
1 19 8 0.000000 
1 20 0 0.000000 
1 20 1 0.000000 
1 20 2 0.000000 
1 20 3 1.000000 
1 20 4 0.000000 
1 20 5 0.000000 
1 20 6 0.000000 
1 20 7 0.000000 
1 20 8 0.000000 
1 21 0 0.000000 
1 21 1 0.000000 
1 21 2 1.000000 
1 21 3 0.000000 
1 21 4 0.000000 
1 21 5 0.000000 
1 21 6 0.000000 
1 21 7 0.000000 
1 21 8 0.000000 
1 22 0 0.000000 
1 22 1 0.000000 
1 22 2 1.000000 
1 22 3 0.000000 
1 22 4 0.000000 
1 22 5 0.000000 
1 22 6 0.000000 
1 22 7 0.000000 
1 22 8 0.000000 
1 23 0 0.000000 
1 23 1 0.000000 
1 23 2 1.000000 
1 23 3 0.000000 
1 23 4 0.000000 
1 23 5 0.000000 
1 23 6 0.000000 
1 23 7 0.000000 
1 23 8 0.000000 
2 0 0 0.000000 
2 0 1 0.000000 
2 0 2 1.000000 
2 0 3 0.000000 
2 0 4 0.000000 
2 0 5 0.000000 
2 0 6 0.000000 
2 0 7 0.000000 
2 0 8 0.000000 
2 1 0 0.000000 
2 1 1 0.000000 
2 1 2 1.000000 
2 1 3 0.000000 
2 1 4 0.000000 
2 1 5 0.000000 
2 1 6 0.000000 
2 1 7 0.000000 
2 1 8 0.000000 
2 2 0 0.000000 
2 2 1 1.000000 
2 2 2 0.000000 
2 2 3 0.000000 
2 2 4 0.000000 
2 2 5 0.000000 
2 2 6 0.000000 
2 2 7 0.000000 
2 2 8 0.000000 
2 3 0 0.000000 
2 3 1 1.000000 
2 3 2 0.000000 
2 3 3 0.000000 
2 3 4 0.000000 
2 3 5 0.000000 
2 3 6 0.000000 
2 3 7 0.000000 
2 3 8 0.000000 
2 4 0 0.000000 
2 4 1 1.000000 
2 4 2 0.000000 
2 4 3 0.000000 
2 4 4 0.000000 
2 4 5 0.000000 
2 4 6 0.000000 
2 4 7 0.000000 
2 4 8 0.000000 
2 5 0 0.000000 
2 5 1 1.000000 
2 5 2 0.000000 
2 5 3 0.000000 
2 5 4 0.000000 
2 5 5 0.000000 
2 5 6 0.000000 
2 5 7 0.000000 
2 5 8 0.000000 
2 6 0 0.000000 
2 6 1 1.000000 
2 6 2 0.000000 
2 6 3 0.000000 
2 6 4 0.000000 
2 6 5 0.000000 
2 6 6 0.000000 
2 6 7 0.000000 
2 6 8 0.000000 
2 7 0 1.000000 
2 7 1 0.000000 
2 7 2 0.000000 
2 7 3 0.000000 
2 7 4 0.000000 
2 7 5 0.000000 
2 7 6 0.000000 
2 7 7 0.000000 
2 7 8 0.000000 
2 8 0 1.000000 
2 8 1 0.000000 
2 8 2 0.000000 
2 8 3 0.000000 
2 8 4 0.000000 
2 8 5 0.000000 
2 8 6 0.000000 
2 8 7 0.000000 
2 8 8 0.000000 
2 9 0 0.000000 
2 9 1 1.000000 
2 9 2 0.000000 
2 9 3 0.000000 
2 9 4 0.000000 
2 9 5 0.000000 
2 9 6 0.000000 
2 9 7 0.000000 
2 9 8 0.000000 
2 10 0 0.000000 
2 10 1 0.000000 
2 10 2 1.000000 
2 10 3 0.000000 
2 10 4 0.000000 
2 10 5 0.000000 
2 10 6 0.000000 
2 10 7 0.000000 
2 10 8 0.000000 
2 11 0 0.000000 
2 11 1 0.000000 
2 11 2 0.000000 
2 11 3 1.000000 
2 11 4 0.000000 
2 11 5 0.000000 
2 11 6 0.000000 
2 11 7 0.000000 
2 11 8 0.000000 
2 12 0 0.000000 
2 12 1 0.000000 
2 12 2 0.000000 
2 12 3 0.000000 
2 12 4 1.000000 
2 12 5 0.000000 
2 12 6 0.000000 
2 12 7 0.000000 
2 12 8 0.000000 
2 13 0 0.000000 
2 13 1 0.000000 
2 13 2 0.000000 
2 13 3 0.000000 
2 13 4 0.000000 
2 13 5 1.000000 
2 13 6 0.000000 
2 13 7 0.000000 
2 13 8 0.000000 
2 14 0 0.000000 
2 14 1 0.000000 
2 14 2 0.000000 
2 14 3 0.000000 
2 14 4 0.000000 
2 14 5 0.000000 
2 14 6 1.000000 
2 14 7 0.000000 
2 14 8 0.000000 
2 15 0 0.000000 
2 15 1 0.000000 
2 15 2 0.000000 
2 15 3 0.000000 
2 15 4 0.000000 
2 15 5 0.000000 
2 15 6 1.000000 
2 15 7 0.000000 
2 15 8 0.000000 
2 16 0 0.000000 
2 16 1 0.000000 
2 16 2 0.000000 
2 16 3 0.000000 
2 16 4 0.000000 
2 16 5 0.000000 
2 16 6 1.000000 
2 16 7 0.000000 
2 16 8 0.000000 
2 17 0 0.000000 
2 17 1 0.000000 
2 17 2 0.000000 
2 17 3 0.000000 
2 17 4 0.000000 
2 17 5 0.000000 
2 17 6 1.000000 
2 17 7 0.000000 
2 17 8 0.000000 
2 18 0 0.000000 
2 18 1 0.000000 
2 18 2 0.000000 
2 18 3 0.000000 
2 18 4 0.000000 
2 18 5 0.000000 
2 18 6 1.000000 
2 18 7 0.000000 
2 18 8 0.000000 
2 19 0 0.000000 
2 19 1 0.000000 
2 19 2 0.000000 
2 19 3 0.000000 
2 19 4 0.000000 
2 19 5 1.000000 
2 19 6 0.000000 
2 19 7 0.000000 
2 19 8 0.000000 
2 20 0 0.000000 
2 20 1 0.000000 
2 20 2 0.000000 
2 20 3 0.000000 
2 20 4 1.000000 
2 20 5 0.000000 
2 20 6 0.000000 
2 20 7 0.000000 
2 20 8 0.000000 
2 21 0 0.000000 
2 21 1 0.000000 
2 21 2 0.000000 
2 21 3 0.000000 
2 21 4 1.000000 
2 21 5 0.000000 
2 21 6 0.000000 
2 21 7 0.000000 
2 21 8 0.000000 
2 22 0 0.000000 
2 22 1 0.000000 
2 22 2 0.000000 
2 22 3 1.000000 
2 22 4 0.000000 
2 22 5 0.000000 
2 22 6 0.000000 
2 22 7 0.000000 
2 22 8 0.000000 
2 23 0 0.000000 
2 23 1 0.000000 
2 23 2 0.000000 
2 23 3 1.000000 
2 23 4 0.000000 
2 23 5 0.000000 
2 23 6 0.000000 
2 23 7 0.000000 
2 23 8 0.000000 
3 0 0 0.000000 
3 0 1 0.000000 
3 0 2 0.000000 
3 0 3 1.000000 
3 0 4 0.000000 
3 0 5 0.000000 
3 0 6 0.000000 
3 0 7 0.000000 
3 0 8 0.000000 
3 1 0 0.000000 
3 1 1 0.000000 
3 1 2 0.000000 
3 1 3 1.000000 
3 1 4 0.000000 
3 1 5 0.000000 
3 1 6 0.000000 
3 1 7 0.000000 
3 1 8 0.000000 
3 2 0 0.000000 
3 2 1 0.000000 
3 2 2 0.000000 
3 2 3 1.000000 
3 2 4 0.000000 
3 2 5 0.000000 
3 2 6 0.000000 
3 2 7 0.000000 
3 2 8 0.000000 
3 3 0 0.000000 
3 3 1 0.000000 
3 3 2 0.000000 
3 3 3 1.000000 
3 3 4 0.000000 
3 3 5 0.000000 
3 3 6 0.000000 
3 3 7 0.000000 
3 3 8 0.000000 
3 4 0 0.000000 
3 4 1 0.000000 
3 4 2 1.000000 
3 4 3 0.000000 
3 4 4 0.000000 
3 4 5 0.000000 
3 4 6 0.000000 
3 4 7 0.000000 
3 4 8 0.000000 
3 5 0 0.000000 
3 5 1 0.000000 
3 5 2 1.000000 
3 5 3 0.000000 
3 5 4 0.000000 
3 5 5 0.000000 
3 5 6 0.000000 
3 5 7 0.000000 
3 5 8 0.000000 
3 6 0 0.000000 
3 6 1 0.000000 
3 6 2 1.000000 
3 6 3 0.000000 
3 6 4 0.000000 
3 6 5 0.000000 
3 6 6 0.000000 
3 6 7 0.000000 
3 6 8 0.000000 
3 7 0 0.000000 
3 7 1 0.000000 
3 7 2 1.000000 
3 7 3 0.000000 
3 7 4 0.000000 
3 7 5 0.000000 
3 7 6 0.000000 
3 7 7 0.000000 
3 7 8 0.000000 
3 8 0 0.000000 
3 8 1 1.000000 
3 8 2 0.000000 
3 8 3 0.000000 
3 8 4 0.000000 
3 8 5 0.000000 
3 8 6 0.000000 
3 8 7 0.000000 
3 8 8 0.000000 
3 9 0 0.000000 
3 9 1 1.000000 
3 9 2 0.000000 
3 9 3 0.000000 
3 9 4 0.000000 
3 9 5 0.000000 
3 9 6 0.000000 
3 9 7 0.000000 
3 9 8 0.000000 
3 10 0 0.000000 
3 10 1 0.000000 
3 10 2 1.000000 
3 10 3 0.000000 
3 10 4 0.000000 
3 10 5 0.000000 
3 10 6 0.000000 
3 10 7 0.000000 
3 10 8 0.000000 
3 11 0 0.000000 
3 11 1 0.000000 
3 11 2 0.000000 
3 11 3 0.000000 
3 11 4 1.000000 
3 11 5 0.000000 
3 11 6 0.000000 
3 11 7 0.000000 
3 11 8 0.000000 
3 12 0 0.000000 
3 12 1 0.000000 
3 12 2 0.000000 
3 12 3 0.000000 
3 12 4 0.000000 
3 12 5 1.000000 
3 12 6 0.000000 
3 12 7 0.000000 
3 12 8 0.000000 
3 13 0 0.000000 
3 13 1 0.000000 
3 13 2 0.000000 
3 13 3 0.000000 
3 13 4 0.000000 
3 13 5 0.000000 
3 13 6 1.000000 
3 13 7 0.000000 
3 13 8 0.000000 
3 14 0 0.000000 
3 14 1 0.000000 
3 14 2 0.000000 
3 14 3 0.000000 
3 14 4 0.000000 
3 14 5 0.000000 
3 14 6 1.000000 
3 14 7 0.000000 
3 14 8 0.000000 
3 15 0 0.000000 
3 15 1 0.000000 
3 15 2 0.000000 
3 15 3 0.000000 
3 15 4 0.000000 
3 15 5 0.000000 
3 15 6 0.000000 
3 15 7 1.000000 
3 15 8 0.000000 
3 16 0 0.000000 
3 16 1 0.000000 
3 16 2 0.000000 
3 16 3 0.000000 
3 16 4 0.000000 
3 16 5 0.000000 
3 16 6 0.000000 
3 16 7 1.000000 
3 16 8 0.000000 
3 17 0 0.000000 
3 17 1 0.000000 
3 17 2 0.000000 
3 17 3 0.000000 
3 17 4 0.000000 
3 17 5 0.000000 
3 17 6 0.000000 
3 17 7 1.000000 
3 17 8 0.000000 
3 18 0 0.000000 
3 18 1 0.000000 
3 18 2 0.000000 
3 18 3 0.000000 
3 18 4 0.000000 
3 18 5 0.000000 
3 18 6 0.000000 
3 18 7 1.000000 
3 18 8 0.000000 
3 19 0 0.000000 
3 19 1 0.000000 
3 19 2 0.000000 
3 19 3 0.000000 
3 19 4 0.000000 
3 19 5 0.000000 
3 19 6 1.000000 
3 19 7 0.000000 
3 19 8 0.000000 
3 20 0 0.000000 
3 20 1 0.000000 
3 20 2 0.000000 
3 20 3 0.000000 
3 20 4 0.000000 
3 20 5 1.000000 
3 20 6 0.000000 
3 20 7 0.000000 
3 20 8 0.000000 
3 21 0 0.000000 
3 21 1 0.000000 
3 21 2 0.000000 
3 21 3 0.000000 
3 21 4 0.000000 
3 21 5 1.000000 
3 21 6 0.000000 
3 21 7 0.000000 
3 21 8 0.000000 
3 22 0 0.000000 
3 22 1 0.000000 
3 22 2 0.000000 
3 22 3 0.000000 
3 22 4 1.000000 
3 22 5 0.000000 
3 22 6 0.000000 
3 22 7 0.000000 
3 22 8 0.000000 
3 23 0 0.000000 
3 23 1 0.000000 
3 23 2 0.000000 
3 23 3 0.000000 
3 23 4 1.000000 
3 23 5 0.000000 
3 23 6 0.000000 
3 23 7 0.000000 
3 23 8 0.000000 
4 0 0 0.000000 
4 0 1 0.000000 
4 0 2 0.000000 
4 0 3 0.000000 
4 0 4 1.000000 
4 0 5 0.000000 
4 0 6 0.000000 
4 0 7 0.000000 
4 0 8 0.000000 
4 1 0 0.000000 
4 1 1 0.000000 
4 1 2 0.000000 
4 1 3 0.000000 
4 1 4 1.000000 
4 1 5 0.000000 
4 1 6 0.000000 
4 1 7 0.000000 
4 1 8 0.000000 
4 2 0 0.000000 
4 2 1 0.000000 
4 2 2 0.000000 
4 2 3 1.000000 
4 2 4 0.000000 
4 2 5 0.000000 
4 2 6 0.000000 
4 2 7 0.000000 
4 2 8 0.000000 
4 3 0 0.000000 
4 3 1 0.000000 
4 3 2 0.000000 
4 3 3 1.000000 
4 3 4 0.000000 
4 3 5 0.000000 
4 3 6 0.000000 
4 3 7 0.000000 
4 3 8 0.000000 
4 4 0 0.000000 
4 4 1 0.000000 
4 4 2 0.000000 
4 4 3 1.000000 
4 4 4 0.000000 
4 4 5 0.000000 
4 4 6 0.000000 
4 4 7 0.000000 
4 4 8 0.000000 
4 5 0 0.000000 
4 5 1 0.000000 
4 5 2 0.000000 
4 5 3 1.000000 
4 5 4 0.000000 
4 5 5 0.000000 
4 5 6 0.000000 
4 5 7 0.000000 
4 5 8 0.000000 
4 6 0 0.000000 
4 6 1 0.000000 
4 6 2 0.000000 
4 6 3 1.000000 
4 6 4 0.000000 
4 6 5 0.000000 
4 6 6 0.000000 
4 6 7 0.000000 
4 6 8 0.000000 
4 7 0 0.000000 
4 7 1 0.000000 
4 7 2 0.000000 
4 7 3 1.000000 
4 7 4 0.000000 
4 7 5 0.000000 
4 7 6 0.000000 
4 7 7 0.000000 
4 7 8 0.000000 
4 8 0 0.000000 
4 8 1 0.000000 
4 8 2 0.000000 
4 8 3 1.000000 
4 8 4 0.000000 
4 8 5 0.000000 
4 8 6 0.000000 
4 8 7 0.000000 
4 8 8 0.000000 
4 9 0 0.000000 
4 9 1 0.000000 
4 9 2 0.000000 
4 9 3 1.000000 
4 9 4 0.000000 
4 9 5 0.000000 
4 9 6 0.000000 
4 9 7 0.000000 
4 9 8 0.000000 
4 10 0 0.000000 
4 10 1 0.000000 
4 10 2 0.000000 
4 10 3 0.000000 
4 10 4 1.000000 
4 10 5 0.000000 
4 10 6 0.000000 
4 10 7 0.000000 
4 10 8 0.000000 
4 11 0 0.000000 
4 11 1 0.000000 
4 11 2 0.000000 
4 11 3 0.000000 
4 11 4 0.000000 
4 11 5 1.000000 
4 11 6 0.000000 
4 11 7 0.000000 
4 11 8 0.000000 
4 12 0 0.000000 
4 12 1 0.000000 
4 12 2 0.000000 
4 12 3 0.000000 
4 12 4 0.000000 
4 12 5 1.000000 
4 12 6 0.000000 
4 12 7 0.000000 
4 12 8 0.000000 
4 13 0 0.000000 
4 13 1 0.000000 
4 13 2 0.000000 
4 13 3 0.000000 
4 13 4 0.000000 
4 13 5 0.000000 
4 13 6 1.000000 
4 13 7 0.000000 
4 13 8 0.000000 
4 14 0 0.000000 
4 14 1 0.000000 
4 14 2 0.000000 
4 14 3 0.000000 
4 14 4 0.000000 
4 14 5 0.000000 
4 14 6 0.000000 
4 14 7 1.000000 
4 14 8 0.000000 
4 15 0 0.000000 
4 15 1 0.000000 
4 15 2 0.000000 
4 15 3 0.000000 
4 15 4 0.000000 
4 15 5 0.000000 
4 15 6 0.000000 
4 15 7 1.000000 
4 15 8 0.000000 
4 16 0 0.000000 
4 16 1 0.000000 
4 16 2 0.000000 
4 16 3 0.000000 
4 16 4 0.000000 
4 16 5 0.000000 
4 16 6 0.000000 
4 16 7 1.000000 
4 16 8 0.000000 
4 17 0 0.000000 
4 17 1 0.000000 
4 17 2 0.000000 
4 17 3 0.000000 
4 17 4 0.000000 
4 17 5 0.000000 
4 17 6 0.000000 
4 17 7 1.000000 
4 17 8 0.000000 
4 18 0 0.000000 
4 18 1 0.000000 
4 18 2 0.000000 
4 18 3 0.000000 
4 18 4 0.000000 
4 18 5 0.000000 
4 18 6 0.000000 
4 18 7 1.000000 
4 18 8 0.000000 
4 19 0 0.000000 
4 19 1 0.000000 
4 19 2 0.000000 
4 19 3 0.000000 
4 19 4 0.000000 
4 19 5 0.000000 
4 19 6 1.000000 
4 19 7 0.000000 
4 19 8 0.000000 
4 20 0 0.000000 
4 20 1 0.000000 
4 20 2 0.000000 
4 20 3 0.000000 
4 20 4 0.000000 
4 20 5 1.000000 
4 20 6 0.000000 
4 20 7 0.000000 
4 20 8 0.000000 
4 21 0 0.000000 
4 21 1 0.000000 
4 21 2 0.000000 
4 21 3 0.000000 
4 21 4 0.000000 
4 21 5 1.000000 
4 21 6 0.000000 
4 21 7 0.000000 
4 21 8 0.000000 
4 22 0 0.000000 
4 22 1 0.000000 
4 22 2 0.000000 
4 22 3 0.000000 
4 22 4 0.000000 
4 22 5 1.000000 
4 22 6 0.000000 
4 22 7 0.000000 
4 22 8 0.000000 
4 23 0 0.000000 
4 23 1 0.000000 
4 23 2 0.000000 
4 23 3 0.000000 
4 23 4 1.000000 
4 23 5 0.000000 
4 23 6 0.000000 
4 23 7 0.000000 
4 23 8 0.000000 
5 0 0 0.000000 
5 0 1 0.000000 
5 0 2 0.000000 
5 0 3 0.000000 
5 0 4 0.000000 
5 0 5 1.000000 
5 0 6 0.000000 
5 0 7 0.000000 
5 0 8 0.000000 
5 1 0 0.000000 
5 1 1 0.000000 
5 1 2 0.000000 
5 1 3 0.000000 
5 1 4 1.000000 
5 1 5 0.000000 
5 1 6 0.000000 
5 1 7 0.000000 
5 1 8 0.000000 
5 2 0 0.000000 
5 2 1 0.000000 
5 2 2 0.000000 
5 2 3 0.000000 
5 2 4 1.000000 
5 2 5 0.000000 
5 2 6 0.000000 
5 2 7 0.000000 
5 2 8 0.000000 
5 3 0 0.000000 
5 3 1 0.000000 
5 3 2 0.000000 
5 3 3 0.000000 
5 3 4 0.000000 
5 3 5 1.000000 
5 3 6 0.000000 
5 3 7 0.000000 
5 3 8 0.000000 
5 4 0 0.000000 
5 4 1 0.000000 
5 4 2 0.000000 
5 4 3 0.000000 
5 4 4 0.000000 
5 4 5 1.000000 
5 4 6 0.000000 
5 4 7 0.000000 
5 4 8 0.000000 
5 5 0 0.000000 
5 5 1 0.000000 
5 5 2 0.000000 
5 5 3 0.000000 
5 5 4 0.000000 
5 5 5 1.000000 
5 5 6 0.000000 
5 5 7 0.000000 
5 5 8 0.000000 
5 6 0 0.000000 
5 6 1 0.000000 
5 6 2 0.000000 
5 6 3 0.000000 
5 6 4 1.000000 
5 6 5 0.000000 
5 6 6 0.000000 
5 6 7 0.000000 
5 6 8 0.000000 
5 7 0 0.000000 
5 7 1 0.000000 
5 7 2 0.000000 
5 7 3 0.000000 
5 7 4 0.000000 
5 7 5 1.000000 
5 7 6 0.000000 
5 7 7 0.000000 
5 7 8 0.000000 
5 8 0 0.000000 
5 8 1 0.000000 
5 8 2 0.000000 
5 8 3 0.000000 
5 8 4 0.000000 
5 8 5 1.000000 
5 8 6 0.000000 
5 8 7 0.000000 
5 8 8 0.000000 
5 9 0 0.000000 
5 9 1 0.000000 
5 9 2 0.000000 
5 9 3 0.000000 
5 9 4 0.000000 
5 9 5 1.000000 
5 9 6 0.000000 
5 9 7 0.000000 
5 9 8 0.000000 
5 10 0 0.000000 
5 10 1 0.000000 
5 10 2 0.000000 
5 10 3 0.000000 
5 10 4 0.000000 
5 10 5 1.000000 
5 10 6 0.000000 
5 10 7 0.000000 
5 10 8 0.000000 
5 11 0 0.000000 
5 11 1 0.000000 
5 11 2 0.000000 
5 11 3 0.000000 
5 11 4 0.000000 
5 11 5 1.000000 
5 11 6 0.000000 
5 11 7 0.000000 
5 11 8 0.000000 
5 12 0 0.000000 
5 12 1 0.000000 
5 12 2 0.000000 
5 12 3 0.000000 
5 12 4 0.000000 
5 12 5 0.000000 
5 12 6 1.000000 
5 12 7 0.000000 
5 12 8 0.000000 
5 13 0 0.000000 
5 13 1 0.000000 
5 13 2 0.000000 
5 13 3 0.000000 
5 13 4 0.000000 
5 13 5 0.000000 
5 13 6 0.000000 
5 13 7 1.000000 
5 13 8 0.000000 
5 14 0 0.000000 
5 14 1 0.000000 
5 14 2 0.000000 
5 14 3 0.000000 
5 14 4 0.000000 
5 14 5 0.000000 
5 14 6 0.000000 
5 14 7 1.000000 
5 14 8 0.000000 
5 15 0 0.000000 
5 15 1 0.000000 
5 15 2 0.000000 
5 15 3 0.000000 
5 15 4 0.000000 
5 15 5 0.000000 
5 15 6 0.000000 
5 15 7 0.000000 
5 15 8 1.000000 
5 16 0 0.000000 
5 16 1 0.000000 
5 16 2 0.000000 
5 16 3 0.000000 
5 16 4 0.000000 
5 16 5 0.000000 
5 16 6 0.000000 
5 16 7 0.000000 
5 16 8 1.000000 
5 17 0 0.000000 
5 17 1 0.000000 
5 17 2 0.000000 
5 17 3 0.000000 
5 17 4 0.000000 
5 17 5 0.000000 
5 17 6 0.000000 
5 17 7 0.000000 
5 17 8 1.000000 
5 18 0 0.000000 
5 18 1 0.000000 
5 18 2 0.000000 
5 18 3 0.000000 
5 18 4 0.000000 
5 18 5 0.000000 
5 18 6 0.000000 
5 18 7 1.000000 
5 18 8 0.000000 
5 19 0 0.000000 
5 19 1 0.000000 
5 19 2 0.000000 
5 19 3 0.000000 
5 19 4 0.000000 
5 19 5 0.000000 
5 19 6 0.000000 
5 19 7 1.000000 
5 19 8 0.000000 
5 20 0 0.000000 
5 20 1 0.000000 
5 20 2 0.000000 
5 20 3 0.000000 
5 20 4 0.000000 
5 20 5 0.000000 
5 20 6 0.000000 
5 20 7 1.000000 
5 20 8 0.000000 
5 21 0 0.000000 
5 21 1 0.000000 
5 21 2 0.000000 
5 21 3 0.000000 
5 21 4 0.000000 
5 21 5 0.000000 
5 21 6 0.000000 
5 21 7 1.000000 
5 21 8 0.000000 
5 22 0 0.000000 
5 22 1 0.000000 
5 22 2 0.000000 
5 22 3 0.000000 
5 22 4 0.000000 
5 22 5 0.000000 
5 22 6 0.000000 
5 22 7 1.000000 
5 22 8 0.000000 
5 23 0 0.000000 
5 23 1 0.000000 
5 23 2 0.000000 
5 23 3 0.000000 
5 23 4 0.000000 
5 23 5 0.000000 
5 23 6 1.000000 
5 23 7 0.000000 
5 23 8 0.000000 
6 0 0 0.000000 
6 0 1 0.000000 
6 0 2 0.000000 
6 0 3 0.000000 
6 0 4 0.000000 
6 0 5 0.000000 
6 0 6 1.000000 
6 0 7 0.000000 
6 0 8 0.000000 
6 1 0 0.000000 
6 1 1 0.000000 
6 1 2 0.000000 
6 1 3 0.000000 
6 1 4 0.000000 
6 1 5 0.000000 
6 1 6 1.000000 
6 1 7 0.000000 
6 1 8 0.000000 
6 2 0 0.000000 
6 2 1 0.000000 
6 2 2 0.000000 
6 2 3 0.000000 
6 2 4 0.000000 
6 2 5 0.000000 
6 2 6 1.000000 
6 2 7 0.000000 
6 2 8 0.000000 
6 3 0 0.000000 
6 3 1 0.000000 
6 3 2 0.000000 
6 3 3 0.000000 
6 3 4 0.000000 
6 3 5 0.000000 
6 3 6 1.000000 
6 3 7 0.000000 
6 3 8 0.000000 
6 4 0 0.000000 
6 4 1 0.000000 
6 4 2 0.000000 
6 4 3 0.000000 
6 4 4 0.000000 
6 4 5 1.000000 
6 4 6 0.000000 
6 4 7 0.000000 
6 4 8 0.000000 
6 5 0 0.000000 
6 5 1 0.000000 
6 5 2 0.000000 
6 5 3 0.000000 
6 5 4 0.000000 
6 5 5 1.000000 
6 5 6 0.000000 
6 5 7 0.000000 
6 5 8 0.000000 
6 6 0 0.000000 
6 6 1 0.000000 
6 6 2 0.000000 
6 6 3 0.000000 
6 6 4 0.000000 
6 6 5 1.000000 
6 6 6 0.000000 
6 6 7 0.000000 
6 6 8 0.000000 
6 7 0 0.000000 
6 7 1 0.000000 
6 7 2 0.000000 
6 7 3 0.000000 
6 7 4 0.000000 
6 7 5 1.000000 
6 7 6 0.000000 
6 7 7 0.000000 
6 7 8 0.000000 
6 8 0 0.000000 
6 8 1 0.000000 
6 8 2 0.000000 
6 8 3 0.000000 
6 8 4 1.000000 
6 8 5 0.000000 
6 8 6 0.000000 
6 8 7 0.000000 
6 8 8 0.000000 
6 9 0 0.000000 
6 9 1 0.000000 
6 9 2 0.000000 
6 9 3 1.000000 
6 9 4 0.000000 
6 9 5 0.000000 
6 9 6 0.000000 
6 9 7 0.000000 
6 9 8 0.000000 
6 10 0 0.000000 
6 10 1 0.000000 
6 10 2 0.000000 
6 10 3 0.000000 
6 10 4 1.000000 
6 10 5 0.000000 
6 10 6 0.000000 
6 10 7 0.000000 
6 10 8 0.000000 
6 11 0 0.000000 
6 11 1 0.000000 
6 11 2 0.000000 
6 11 3 0.000000 
6 11 4 1.000000 
6 11 5 0.000000 
6 11 6 0.000000 
6 11 7 0.000000 
6 11 8 0.000000 
6 12 0 0.000000 
6 12 1 0.000000 
6 12 2 0.000000 
6 12 3 0.000000 
6 12 4 0.000000 
6 12 5 1.000000 
6 12 6 0.000000 
6 12 7 0.000000 
6 12 8 0.000000 
6 13 0 0.000000 
6 13 1 0.000000 
6 13 2 0.000000 
6 13 3 0.000000 
6 13 4 0.000000 
6 13 5 1.000000 
6 13 6 0.000000 
6 13 7 0.000000 
6 13 8 0.000000 
6 14 0 0.000000 
6 14 1 0.000000 
6 14 2 0.000000 
6 14 3 0.000000 
6 14 4 0.000000 
6 14 5 0.000000 
6 14 6 1.000000 
6 14 7 0.000000 
6 14 8 0.000000 
6 15 0 0.000000 
6 15 1 0.000000 
6 15 2 0.000000 
6 15 3 0.000000 
6 15 4 0.000000 
6 15 5 0.000000 
6 15 6 1.000000 
6 15 7 0.000000 
6 15 8 0.000000 
6 16 0 0.000000 
6 16 1 0.000000 
6 16 2 0.000000 
6 16 3 0.000000 
6 16 4 0.000000 
6 16 5 0.000000 
6 16 6 1.000000 
6 16 7 0.000000 
6 16 8 0.000000 
6 17 0 0.000000 
6 17 1 0.000000 
6 17 2 0.000000 
6 17 3 0.000000 
6 17 4 0.000000 
6 17 5 0.000000 
6 17 6 1.000000 
6 17 7 0.000000 
6 17 8 0.000000 
6 18 0 0.000000 
6 18 1 0.000000 
6 18 2 0.000000 
6 18 3 0.000000 
6 18 4 0.000000 
6 18 5 0.000000 
6 18 6 1.000000 
6 18 7 0.000000 
6 18 8 0.000000 
6 19 0 0.000000 
6 19 1 0.000000 
6 19 2 0.000000 
6 19 3 0.000000 
6 19 4 0.000000 
6 19 5 1.000000 
6 19 6 0.000000 
6 19 7 0.000000 
6 19 8 0.000000 
6 20 0 0.000000 
6 20 1 0.000000 
6 20 2 0.000000 
6 20 3 0.000000 
6 20 4 1.000000 
6 20 5 0.000000 
6 20 6 0.000000 
6 20 7 0.000000 
6 20 8 0.000000 
6 21 0 0.000000 
6 21 1 0.000000 
6 21 2 0.000000 
6 21 3 0.000000 
6 21 4 1.000000 
6 21 5 0.000000 
6 21 6 0.000000 
6 21 7 0.000000 
6 21 8 0.000000 
6 22 0 0.000000 
6 22 1 0.000000 
6 22 2 0.000000 
6 22 3 1.000000 
6 22 4 0.000000 
6 22 5 0.000000 
6 22 6 0.000000 
6 22 7 0.000000 
6 22 8 0.000000 
6 23 0 0.000000 
6 23 1 0.000000 
6 23 2 0.000000 
6 23 3 1.000000 
6 23 4 0.000000 
6 23 5 0.000000 
6 23 6 0.000000 
6 23 7 0.000000 
6 23 8 0.000000 
7 0 0 0.000000 
7 0 1 0.000000 
7 0 2 0.000000 
7 0 3 1.000000 
7 0 4 0.000000 
7 0 5 0.000000 
7 0 6 0.000000 
7 0 7 0.000000 
7 0 8 0.000000 
7 1 0 0.000000 
7 1 1 0.000000 
7 1 2 1.000000 
7 1 3 0.000000 
7 1 4 0.000000 
7 1 5 0.000000 
7 1 6 0.000000 
7 1 7 0.000000 
7 1 8 0.000000 
7 2 0 0.000000 
7 2 1 0.000000 
7 2 2 1.000000 
7 2 3 0.000000 
7 2 4 0.000000 
7 2 5 0.000000 
7 2 6 0.000000 
7 2 7 0.000000 
7 2 8 0.000000 
7 3 0 0.000000 
7 3 1 0.000000 
7 3 2 1.000000 
7 3 3 0.000000 
7 3 4 0.000000 
7 3 5 0.000000 
7 3 6 0.000000 
7 3 7 0.000000 
7 3 8 0.000000 
7 4 0 0.000000 
7 4 1 1.000000 
7 4 2 0.000000 
7 4 3 0.000000 
7 4 4 0.000000 
7 4 5 0.000000 
7 4 6 0.000000 
7 4 7 0.000000 
7 4 8 0.000000 
7 5 0 0.000000 
7 5 1 1.000000 
7 5 2 0.000000 
7 5 3 0.000000 
7 5 4 0.000000 
7 5 5 0.000000 
7 5 6 0.000000 
7 5 7 0.000000 
7 5 8 0.000000 
7 6 0 0.000000 
7 6 1 1.000000 
7 6 2 0.000000 
7 6 3 0.000000 
7 6 4 0.000000 
7 6 5 0.000000 
7 6 6 0.000000 
7 6 7 0.000000 
7 6 8 0.000000 
7 7 0 0.000000 
7 7 1 1.000000 
7 7 2 0.000000 
7 7 3 0.000000 
7 7 4 0.000000 
7 7 5 0.000000 
7 7 6 0.000000 
7 7 7 0.000000 
7 7 8 0.000000 
7 8 0 0.000000 
7 8 1 1.000000 
7 8 2 0.000000 
7 8 3 0.000000 
7 8 4 0.000000 
7 8 5 0.000000 
7 8 6 0.000000 
7 8 7 0.000000 
7 8 8 0.000000 
7 9 0 0.000000 
7 9 1 1.000000 
7 9 2 0.000000 
7 9 3 0.000000 
7 9 4 0.000000 
7 9 5 0.000000 
7 9 6 0.000000 
7 9 7 0.000000 
7 9 8 0.000000 
7 10 0 0.000000 
7 10 1 0.000000 
7 10 2 1.000000 
7 10 3 0.000000 
7 10 4 0.000000 
7 10 5 0.000000 
7 10 6 0.000000 
7 10 7 0.000000 
7 10 8 0.000000 
7 11 0 0.000000 
7 11 1 0.000000 
7 11 2 0.000000 
7 11 3 0.000000 
7 11 4 1.000000 
7 11 5 0.000000 
7 11 6 0.000000 
7 11 7 0.000000 
7 11 8 0.000000 
7 12 0 0.000000 
7 12 1 0.000000 
7 12 2 0.000000 
7 12 3 0.000000 
7 12 4 0.000000 
7 12 5 1.000000 
7 12 6 0.000000 
7 12 7 0.000000 
7 12 8 0.000000 
7 13 0 0.000000 
7 13 1 0.000000 
7 13 2 0.000000 
7 13 3 0.000000 
7 13 4 0.000000 
7 13 5 0.000000 
7 13 6 1.000000 
7 13 7 0.000000 
7 13 8 0.000000 
7 14 0 0.000000 
7 14 1 0.000000 
7 14 2 0.000000 
7 14 3 0.000000 
7 14 4 0.000000 
7 14 5 0.000000 
7 14 6 1.000000 
7 14 7 0.000000 
7 14 8 0.000000 
7 15 0 0.000000 
7 15 1 0.000000 
7 15 2 0.000000 
7 15 3 0.000000 
7 15 4 0.000000 
7 15 5 0.000000 
7 15 6 0.000000 
7 15 7 1.000000 
7 15 8 0.000000 
7 16 0 0.000000 
7 16 1 0.000000 
7 16 2 0.000000 
7 16 3 0.000000 
7 16 4 0.000000 
7 16 5 0.000000 
7 16 6 0.000000 
7 16 7 1.000000 
7 16 8 0.000000 
7 17 0 0.000000 
7 17 1 0.000000 
7 17 2 0.000000 
7 17 3 0.000000 
7 17 4 0.000000 
7 17 5 0.000000 
7 17 6 1.000000 
7 17 7 0.000000 
7 17 8 0.000000 
7 18 0 0.000000 
7 18 1 0.000000 
7 18 2 0.000000 
7 18 3 0.000000 
7 18 4 0.000000 
7 18 5 0.000000 
7 18 6 1.000000 
7 18 7 0.000000 
7 18 8 0.000000 
7 19 0 0.000000 
7 19 1 0.000000 
7 19 2 0.000000 
7 19 3 0.000000 
7 19 4 0.000000 
7 19 5 1.000000 
7 19 6 0.000000 
7 19 7 0.000000 
7 19 8 0.000000 
7 20 0 0.000000 
7 20 1 0.000000 
7 20 2 0.000000 
7 20 3 0.000000 
7 20 4 1.000000 
7 20 5 0.000000 
7 20 6 0.000000 
7 20 7 0.000000 
7 20 8 0.000000 
7 21 0 0.000000 
7 21 1 0.000000 
7 21 2 0.000000 
7 21 3 0.000000 
7 21 4 1.000000 
7 21 5 0.000000 
7 21 6 0.000000 
7 21 7 0.000000 
7 21 8 0.000000 
7 22 0 0.000000 
7 22 1 0.000000 
7 22 2 0.000000 
7 22 3 1.000000 
7 22 4 0.000000 
7 22 5 0.000000 
7 22 6 0.000000 
7 22 7 0.000000 
7 22 8 0.000000 
7 23 0 0.000000 
7 23 1 0.000000 
7 23 2 0.000000 
7 23 3 1.000000 
7 23 4 0.000000 
7 23 5 0.000000 
7 23 6 0.000000 
7 23 7 0.000000 
7 23 8 0.000000 
8 0 0 0.000000 
8 0 1 0.000000 
8 0 2 1.000000 
8 0 3 0.000000 
8 0 4 0.000000 
8 0 5 0.000000 
8 0 6 0.000000 
8 0 7 0.000000 
8 0 8 0.000000 
8 1 0 0.000000 
8 1 1 0.000000 
8 1 2 1.000000 
8 1 3 0.000000 
8 1 4 0.000000 
8 1 5 0.000000 
8 1 6 0.000000 
8 1 7 0.000000 
8 1 8 0.000000 
8 2 0 0.000000 
8 2 1 0.000000 
8 2 2 1.000000 
8 2 3 0.000000 
8 2 4 0.000000 
8 2 5 0.000000 
8 2 6 0.000000 
8 2 7 0.000000 
8 2 8 0.000000 
8 3 0 0.000000 
8 3 1 0.000000 
8 3 2 1.000000 
8 3 3 0.000000 
8 3 4 0.000000 
8 3 5 0.000000 
8 3 6 0.000000 
8 3 7 0.000000 
8 3 8 0.000000 
8 4 0 0.000000 
8 4 1 1.000000 
8 4 2 0.000000 
8 4 3 0.000000 
8 4 4 0.000000 
8 4 5 0.000000 
8 4 6 0.000000 
8 4 7 0.000000 
8 4 8 0.000000 
8 5 0 0.000000 
8 5 1 1.000000 
8 5 2 0.000000 
8 5 3 0.000000 
8 5 4 0.000000 
8 5 5 0.000000 
8 5 6 0.000000 
8 5 7 0.000000 
8 5 8 0.000000 
8 6 0 0.000000 
8 6 1 1.000000 
8 6 2 0.000000 
8 6 3 0.000000 
8 6 4 0.000000 
8 6 5 0.000000 
8 6 6 0.000000 
8 6 7 0.000000 
8 6 8 0.000000 
8 7 0 0.000000 
8 7 1 1.000000 
8 7 2 0.000000 
8 7 3 0.000000 
8 7 4 0.000000 
8 7 5 0.000000 
8 7 6 0.000000 
8 7 7 0.000000 
8 7 8 0.000000 
8 8 0 1.000000 
8 8 1 0.000000 
8 8 2 0.000000 
8 8 3 0.000000 
8 8 4 0.000000 
8 8 5 0.000000 
8 8 6 0.000000 
8 8 7 0.000000 
8 8 8 0.000000 
8 9 0 1.000000 
8 9 1 0.000000 
8 9 2 0.000000 
8 9 3 0.000000 
8 9 4 0.000000 
8 9 5 0.000000 
8 9 6 0.000000 
8 9 7 0.000000 
8 9 8 0.000000 
8 10 0 0.000000 
8 10 1 1.000000 
8 10 2 0.000000 
8 10 3 0.000000 
8 10 4 0.000000 
8 10 5 0.000000 
8 10 6 0.000000 
8 10 7 0.000000 
8 10 8 0.000000 
8 11 0 0.000000 
8 11 1 0.000000 
8 11 2 1.000000 
8 11 3 0.000000 
8 11 4 0.000000 
8 11 5 0.000000 
8 11 6 0.000000 
8 11 7 0.000000 
8 11 8 0.000000 
8 12 0 0.000000 
8 12 1 0.000000 
8 12 2 0.000000 
8 12 3 1.000000 
8 12 4 0.000000 
8 12 5 0.000000 
8 12 6 0.000000 
8 12 7 0.000000 
8 12 8 0.000000 
8 13 0 0.000000 
8 13 1 0.000000 
8 13 2 0.000000 
8 13 3 0.000000 
8 13 4 1.000000 
8 13 5 0.000000 
8 13 6 0.000000 
8 13 7 0.000000 
8 13 8 0.000000 
8 14 0 0.000000 
8 14 1 0.000000 
8 14 2 0.000000 
8 14 3 0.000000 
8 14 4 1.000000 
8 14 5 0.000000 
8 14 6 0.000000 
8 14 7 0.000000 
8 14 8 0.000000 
8 15 0 0.000000 
8 15 1 0.000000 
8 15 2 0.000000 
8 15 3 0.000000 
8 15 4 0.000000 
8 15 5 1.000000 
8 15 6 0.000000 
8 15 7 0.000000 
8 15 8 0.000000 
8 16 0 0.000000 
8 16 1 0.000000 
8 16 2 0.000000 
8 16 3 0.000000 
8 16 4 0.000000 
8 16 5 1.000000 
8 16 6 0.000000 
8 16 7 0.000000 
8 16 8 0.000000 
8 17 0 0.000000 
8 17 1 0.000000 
8 17 2 0.000000 
8 17 3 0.000000 
8 17 4 0.000000 
8 17 5 1.000000 
8 17 6 0.000000 
8 17 7 0.000000 
8 17 8 0.000000 
8 18 0 0.000000 
8 18 1 0.000000 
8 18 2 0.000000 
8 18 3 0.000000 
8 18 4 0.000000 
8 18 5 1.000000 
8 18 6 0.000000 
8 18 7 0.000000 
8 18 8 0.000000 
8 19 0 0.000000 
8 19 1 0.000000 
8 19 2 0.000000 
8 19 3 0.000000 
8 19 4 1.000000 
8 19 5 0.000000 
8 19 6 0.000000 
8 19 7 0.000000 
8 19 8 0.000000 
8 20 0 0.000000 
8 20 1 0.000000 
8 20 2 0.000000 
8 20 3 1.000000 
8 20 4 0.000000 
8 20 5 0.000000 
8 20 6 0.000000 
8 20 7 0.000000 
8 20 8 0.000000 
8 21 0 0.000000 
8 21 1 0.000000 
8 21 2 1.000000 
8 21 3 0.000000 
8 21 4 0.000000 
8 21 5 0.000000 
8 21 6 0.000000 
8 21 7 0.000000 
8 21 8 0.000000 
8 22 0 0.000000 
8 22 1 0.000000 
8 22 2 0.000000 
8 22 3 1.000000 
8 22 4 0.000000 
8 22 5 0.000000 
8 22 6 0.000000 
8 22 7 0.000000 
8 22 8 0.000000 
8 23 0 0.000000 
8 23 1 0.000000 
8 23 2 1.000000 
8 23 3 0.000000 
8 23 4 0.000000 
8 23 5 0.000000 
8 23 6 0.000000 
8 23 7 0.000000 
8 23 8 0.000000 
9 0 0 0.000000 
9 0 1 0.000000 
9 0 2 1.000000 
9 0 3 0.000000 
9 0 4 0.000000 
9 0 5 0.000000 
9 0 6 0.000000 
9 0 7 0.000000 
9 0 8 0.000000 
9 1 0 0.000000 
9 1 1 0.000000 
9 1 2 1.000000 
9 1 3 0.000000 
9 1 4 0.000000 
9 1 5 0.000000 
9 1 6 0.000000 
9 1 7 0.000000 
9 1 8 0.000000 
9 2 0 0.000000 
9 2 1 0.000000 
9 2 2 1.000000 
9 2 3 0.000000 
9 2 4 0.000000 
9 2 5 0.000000 
9 2 6 0.000000 
9 2 7 0.000000 
9 2 8 0.000000 
9 3 0 0.000000 
9 3 1 0.000000 
9 3 2 1.000000 
9 3 3 0.000000 
9 3 4 0.000000 
9 3 5 0.000000 
9 3 6 0.000000 
9 3 7 0.000000 
9 3 8 0.000000 
9 4 0 0.000000 
9 4 1 0.000000 
9 4 2 1.000000 
9 4 3 0.000000 
9 4 4 0.000000 
9 4 5 0.000000 
9 4 6 0.000000 
9 4 7 0.000000 
9 4 8 0.000000 
9 5 0 0.000000 
9 5 1 0.000000 
9 5 2 1.000000 
9 5 3 0.000000 
9 5 4 0.000000 
9 5 5 0.000000 
9 5 6 0.000000 
9 5 7 0.000000 
9 5 8 0.000000 
9 6 0 0.000000 
9 6 1 1.000000 
9 6 2 0.000000 
9 6 3 0.000000 
9 6 4 0.000000 
9 6 5 0.000000 
9 6 6 0.000000 
9 6 7 0.000000 
9 6 8 0.000000 
9 7 0 0.000000 
9 7 1 1.000000 
9 7 2 0.000000 
9 7 3 0.000000 
9 7 4 0.000000 
9 7 5 0.000000 
9 7 6 0.000000 
9 7 7 0.000000 
9 7 8 0.000000 
9 8 0 0.000000 
9 8 1 1.000000 
9 8 2 0.000000 
9 8 3 0.000000 
9 8 4 0.000000 
9 8 5 0.000000 
9 8 6 0.000000 
9 8 7 0.000000 
9 8 8 0.000000 
9 9 0 0.000000 
9 9 1 1.000000 
9 9 2 0.000000 
9 9 3 0.000000 
9 9 4 0.000000 
9 9 5 0.000000 
9 9 6 0.000000 
9 9 7 0.000000 
9 9 8 0.000000 
9 10 0 0.000000 
9 10 1 0.000000 
9 10 2 1.000000 
9 10 3 0.000000 
9 10 4 0.000000 
9 10 5 0.000000 
9 10 6 0.000000 
9 10 7 0.000000 
9 10 8 0.000000 
9 11 0 0.000000 
9 11 1 0.000000 
9 11 2 0.000000 
9 11 3 0.000000 
9 11 4 1.000000 
9 11 5 0.000000 
9 11 6 0.000000 
9 11 7 0.000000 
9 11 8 0.000000 
9 12 0 0.000000 
9 12 1 0.000000 
9 12 2 0.000000 
9 12 3 0.000000 
9 12 4 0.000000 
9 12 5 1.000000 
9 12 6 0.000000 
9 12 7 0.000000 
9 12 8 0.000000 
9 13 0 0.000000 
9 13 1 0.000000 
9 13 2 0.000000 
9 13 3 0.000000 
9 13 4 0.000000 
9 13 5 0.000000 
9 13 6 1.000000 
9 13 7 0.000000 
9 13 8 0.000000 
9 14 0 0.000000 
9 14 1 0.000000 
9 14 2 0.000000 
9 14 3 0.000000 
9 14 4 0.000000 
9 14 5 0.000000 
9 14 6 0.000000 
9 14 7 1.000000 
9 14 8 0.000000 
9 15 0 0.000000 
9 15 1 0.000000 
9 15 2 0.000000 
9 15 3 0.000000 
9 15 4 0.000000 
9 15 5 0.000000 
9 15 6 0.000000 
9 15 7 1.000000 
9 15 8 0.000000 
9 16 0 0.000000 
9 16 1 0.000000 
9 16 2 0.000000 
9 16 3 0.000000 
9 16 4 0.000000 
9 16 5 0.000000 
9 16 6 0.000000 
9 16 7 1.000000 
9 16 8 0.000000 
9 17 0 0.000000 
9 17 1 0.000000 
9 17 2 0.000000 
9 17 3 0.000000 
9 17 4 0.000000 
9 17 5 0.000000 
9 17 6 0.000000 
9 17 7 1.000000 
9 17 8 0.000000 
9 18 0 0.000000 
9 18 1 0.000000 
9 18 2 0.000000 
9 18 3 0.000000 
9 18 4 0.000000 
9 18 5 0.000000 
9 18 6 0.000000 
9 18 7 1.000000 
9 18 8 0.000000 
9 19 0 0.000000 
9 19 1 0.000000 
9 19 2 0.000000 
9 19 3 0.000000 
9 19 4 0.000000 
9 19 5 0.000000 
9 19 6 1.000000 
9 19 7 0.000000 
9 19 8 0.000000 
9 20 0 0.000000 
9 20 1 0.000000 
9 20 2 0.000000 
9 20 3 0.000000 
9 20 4 0.000000 
9 20 5 1.000000 
9 20 6 0.000000 
9 20 7 0.000000 
9 20 8 0.000000 
9 21 0 0.000000 
9 21 1 0.000000 
9 21 2 0.000000 
9 21 3 0.000000 
9 21 4 1.000000 
9 21 5 0.000000 
9 21 6 0.000000 
9 21 7 0.000000 
9 21 8 0.000000 
9 22 0 0.000000 
9 22 1 0.000000 
9 22 2 0.000000 
9 22 3 0.000000 
9 22 4 1.000000 
9 22 5 0.000000 
9 22 6 0.000000 
9 22 7 0.000000 
9 22 8 0.000000 
9 23 0 0.000000 
9 23 1 0.000000 
9 23 2 0.000000 
9 23 3 0.000000 
9 23 4 1.000000 
9 23 5 0.000000 
9 23 6 0.000000 
9 23 7 0.000000 
9 23 8 0.000000 
10 0 0 0.000000 
10 0 1 0.000000 
10 0 2 0.000000 
10 0 3 0.000000 
10 0 4 1.000000 
10 0 5 0.000000 
10 0 6 0.000000 
10 0 7 0.000000 
10 0 8 0.000000 
10 1 0 0.000000 
10 1 1 0.000000 
10 1 2 0.000000 
10 1 3 0.000000 
10 1 4 1.000000 
10 1 5 0.000000 
10 1 6 0.000000 
10 1 7 0.000000 
10 1 8 0.000000 
10 2 0 0.000000 
10 2 1 0.000000 
10 2 2 0.000000 
10 2 3 0.000000 
10 2 4 1.000000 
10 2 5 0.000000 
10 2 6 0.000000 
10 2 7 0.000000 
10 2 8 0.000000 
10 3 0 0.000000 
10 3 1 0.000000 
10 3 2 0.000000 
10 3 3 0.000000 
10 3 4 1.000000 
10 3 5 0.000000 
10 3 6 0.000000 
10 3 7 0.000000 
10 3 8 0.000000 
10 4 0 0.000000 
10 4 1 0.000000 
10 4 2 0.000000 
10 4 3 0.000000 
10 4 4 1.000000 
10 4 5 0.000000 
10 4 6 0.000000 
10 4 7 0.000000 
10 4 8 0.000000 
10 5 0 0.000000 
10 5 1 0.000000 
10 5 2 0.000000 
10 5 3 1.000000 
10 5 4 0.000000 
10 5 5 0.000000 
10 5 6 0.000000 
10 5 7 0.000000 
10 5 8 0.000000 
10 6 0 0.000000 
10 6 1 0.000000 
10 6 2 0.000000 
10 6 3 1.000000 
10 6 4 0.000000 
10 6 5 0.000000 
10 6 6 0.000000 
10 6 7 0.000000 
10 6 8 0.000000 
10 7 0 0.000000 
10 7 1 0.000000 
10 7 2 0.000000 
10 7 3 1.000000 
10 7 4 0.000000 
10 7 5 0.000000 
10 7 6 0.000000 
10 7 7 0.000000 
10 7 8 0.000000 
10 8 0 0.000000 
10 8 1 0.000000 
10 8 2 0.000000 
10 8 3 1.000000 
10 8 4 0.000000 
10 8 5 0.000000 
10 8 6 0.000000 
10 8 7 0.000000 
10 8 8 0.000000 
10 9 0 0.000000 
10 9 1 0.000000 
10 9 2 0.000000 
10 9 3 1.000000 
10 9 4 0.000000 
10 9 5 0.000000 
10 9 6 0.000000 
10 9 7 0.000000 
10 9 8 0.000000 
10 10 0 0.000000 
10 10 1 0.000000 
10 10 2 0.000000 
10 10 3 0.000000 
10 10 4 1.000000 
10 10 5 0.000000 
10 10 6 0.000000 
10 10 7 0.000000 
10 10 8 0.000000 
10 11 0 0.000000 
10 11 1 0.000000 
10 11 2 0.000000 
10 11 3 0.000000 
10 11 4 0.000000 
10 11 5 1.000000 
10 11 6 0.000000 
10 11 7 0.000000 
10 11 8 0.000000 
10 12 0 0.000000 
10 12 1 0.000000 
10 12 2 0.000000 
10 12 3 0.000000 
10 12 4 0.000000 
10 12 5 0.000000 
10 12 6 1.000000 
10 12 7 0.000000 
10 12 8 0.000000 
10 13 0 0.000000 
10 13 1 0.000000 
10 13 2 0.000000 
10 13 3 0.000000 
10 13 4 0.000000 
10 13 5 0.000000 
10 13 6 0.000000 
10 13 7 1.000000 
10 13 8 0.000000 
10 14 0 0.000000 
10 14 1 0.000000 
10 14 2 0.000000 
10 14 3 0.000000 
10 14 4 0.000000 
10 14 5 0.000000 
10 14 6 0.000000 
10 14 7 1.000000 
10 14 8 0.000000 
10 15 0 0.000000 
10 15 1 0.000000 
10 15 2 0.000000 
10 15 3 0.000000 
10 15 4 0.000000 
10 15 5 0.000000 
10 15 6 0.000000 
10 15 7 0.000000 
10 15 8 1.000000 
10 16 0 0.000000 
10 16 1 0.000000 
10 16 2 0.000000 
10 16 3 0.000000 
10 16 4 0.000000 
10 16 5 0.000000 
10 16 6 0.000000 
10 16 7 0.000000 
10 16 8 1.000000 
10 17 0 0.000000 
10 17 1 0.000000 
10 17 2 0.000000 
10 17 3 0.000000 
10 17 4 0.000000 
10 17 5 0.000000 
10 17 6 0.000000 
10 17 7 0.000000 
10 17 8 1.000000 
10 18 0 0.000000 
10 18 1 0.000000 
10 18 2 0.000000 
10 18 3 0.000000 
10 18 4 0.000000 
10 18 5 0.000000 
10 18 6 0.000000 
10 18 7 0.000000 
10 18 8 1.000000 
10 19 0 0.000000 
10 19 1 0.000000 
10 19 2 0.000000 
10 19 3 0.000000 
10 19 4 0.000000 
10 19 5 0.000000 
10 19 6 0.000000 
10 19 7 1.000000 
10 19 8 0.000000 
10 20 0 0.000000 
10 20 1 0.000000 
10 20 2 0.000000 
10 20 3 0.000000 
10 20 4 0.000000 
10 20 5 0.000000 
10 20 6 1.000000 
10 20 7 0.000000 
10 20 8 0.000000 
10 21 0 0.000000 
10 21 1 0.000000 
10 21 2 0.000000 
10 21 3 0.000000 
10 21 4 0.000000 
10 21 5 0.000000 
10 21 6 1.000000 
10 21 7 0.000000 
10 21 8 0.000000 
10 22 0 0.000000 
10 22 1 0.000000 
10 22 2 0.000000 
10 22 3 0.000000 
10 22 4 0.000000 
10 22 5 0.000000 
10 22 6 1.000000 
10 22 7 0.000000 
10 22 8 0.000000 
10 23 0 0.000000 
10 23 1 0.000000 
10 23 2 0.000000 
10 23 3 0.000000 
10 23 4 0.000000 
10 23 5 0.000000 
10 23 6 1.000000 
10 23 7 0.000000 
10 23 8 0.000000 
11 0 0 0.000000 
11 0 1 0.000000 
11 0 2 0.000000 
11 0 3 0.000000 
11 0 4 0.000000 
11 0 5 1.000000 
11 0 6 0.000000 
11 0 7 0.000000 
11 0 8 0.000000 
11 1 0 0.000000 
11 1 1 0.000000 
11 1 2 0.000000 
11 1 3 0.000000 
11 1 4 0.000000 
11 1 5 1.000000 
11 1 6 0.000000 
11 1 7 0.000000 
11 1 8 0.000000 
11 2 0 0.000000 
11 2 1 0.000000 
11 2 2 0.000000 
11 2 3 0.000000 
11 2 4 0.000000 
11 2 5 1.000000 
11 2 6 0.000000 
11 2 7 0.000000 
11 2 8 0.000000 
11 3 0 0.000000 
11 3 1 0.000000 
11 3 2 0.000000 
11 3 3 0.000000 
11 3 4 0.000000 
11 3 5 1.000000 
11 3 6 0.000000 
11 3 7 0.000000 
11 3 8 0.000000 
11 4 0 0.000000 
11 4 1 0.000000 
11 4 2 0.000000 
11 4 3 0.000000 
11 4 4 1.000000 
11 4 5 0.000000 
11 4 6 0.000000 
11 4 7 0.000000 
11 4 8 0.000000 
11 5 0 0.000000 
11 5 1 0.000000 
11 5 2 0.000000 
11 5 3 0.000000 
11 5 4 1.000000 
11 5 5 0.000000 
11 5 6 0.000000 
11 5 7 0.000000 
11 5 8 0.000000 
11 6 0 0.000000 
11 6 1 0.000000 
11 6 2 0.000000 
11 6 3 0.000000 
11 6 4 1.000000 
11 6 5 0.000000 
11 6 6 0.000000 
11 6 7 0.000000 
11 6 8 0.000000 
11 7 0 0.000000 
11 7 1 0.000000 
11 7 2 0.000000 
11 7 3 0.000000 
11 7 4 1.000000 
11 7 5 0.000000 
11 7 6 0.000000 
11 7 7 0.000000 
11 7 8 0.000000 
11 8 0 0.000000 
11 8 1 0.000000 
11 8 2 0.000000 
11 8 3 0.000000 
11 8 4 1.000000 
11 8 5 0.000000 
11 8 6 0.000000 
11 8 7 0.000000 
11 8 8 0.000000 
11 9 0 0.000000 
11 9 1 0.000000 
11 9 2 0.000000 
11 9 3 0.000000 
11 9 4 0.000000 
11 9 5 1.000000 
11 9 6 0.000000 
11 9 7 0.000000 
11 9 8 0.000000 
11 10 0 0.000000 
11 10 1 0.000000 
11 10 2 0.000000 
11 10 3 0.000000 
11 10 4 0.000000 
11 10 5 1.000000 
11 10 6 0.000000 
11 10 7 0.000000 
11 10 8 0.000000 
11 11 0 0.000000 
11 11 1 0.000000 
11 11 2 0.000000 
11 11 3 0.000000 
11 11 4 0.000000 
11 11 5 1.000000 
11 11 6 0.000000 
11 11 7 0.000000 
11 11 8 0.000000 
11 12 0 0.000000 
11 12 1 0.000000 
11 12 2 0.000000 
11 12 3 0.000000 
11 12 4 0.000000 
11 12 5 0.000000 
11 12 6 1.000000 
11 12 7 0.000000 
11 12 8 0.000000 
11 13 0 0.000000 
11 13 1 0.000000 
11 13 2 0.000000 
11 13 3 0.000000 
11 13 4 0.000000 
11 13 5 0.000000 
11 13 6 0.000000 
11 13 7 1.000000 
11 13 8 0.000000 
11 14 0 0.000000 
11 14 1 0.000000 
11 14 2 0.000000 
11 14 3 0.000000 
11 14 4 0.000000 
11 14 5 0.000000 
11 14 6 0.000000 
11 14 7 1.000000 
11 14 8 0.000000 
11 15 0 0.000000 
11 15 1 0.000000 
11 15 2 0.000000 
11 15 3 0.000000 
11 15 4 0.000000 
11 15 5 0.000000 
11 15 6 0.000000 
11 15 7 0.000000 
11 15 8 1.000000 
11 16 0 0.000000 
11 16 1 0.000000 
11 16 2 0.000000 
11 16 3 0.000000 
11 16 4 0.000000 
11 16 5 0.000000 
11 16 6 0.000000 
11 16 7 0.000000 
11 16 8 1.000000 
11 17 0 0.000000 
11 17 1 0.000000 
11 17 2 0.000000 
11 17 3 0.000000 
11 17 4 0.000000 
11 17 5 0.000000 
11 17 6 0.000000 
11 17 7 0.000000 
11 17 8 1.000000 
11 18 0 0.000000 
11 18 1 0.000000 
11 18 2 0.000000 
11 18 3 0.000000 
11 18 4 0.000000 
11 18 5 0.000000 
11 18 6 0.000000 
11 18 7 0.000000 
11 18 8 1.000000 
11 19 0 0.000000 
11 19 1 0.000000 
11 19 2 0.000000 
11 19 3 0.000000 
11 19 4 0.000000 
11 19 5 0.000000 
11 19 6 0.000000 
11 19 7 1.000000 
11 19 8 0.000000 
11 20 0 0.000000 
11 20 1 0.000000 
11 20 2 0.000000 
11 20 3 0.000000 
11 20 4 0.000000 
11 20 5 0.000000 
11 20 6 0.000000 
11 20 7 1.000000 
11 20 8 0.000000 
11 21 0 0.000000 
11 21 1 0.000000 
11 21 2 0.000000 
11 21 3 0.000000 
11 21 4 0.000000 
11 21 5 0.000000 
11 21 6 1.000000 
11 21 7 0.000000 
11 21 8 0.000000 
11 22 0 0.000000 
11 22 1 0.000000 
11 22 2 0.000000 
11 22 3 0.000000 
11 22 4 0.000000 
11 22 5 0.000000 
11 22 6 1.000000 
11 22 7 0.000000 
11 22 8 0.000000 
11 23 0 0.000000 
11 23 1 0.000000 
11 23 2 0.000000 
11 23 3 0.000000 
11 23 4 0.000000 
11 23 5 0.000000 
11 23 6 1.000000 
11 23 7 0.000000 
11 23 8 0.000000 
12 0 0 0.000000 
12 0 1 0.000000 
12 0 2 0.000000 
12 0 3 0.000000 
12 0 4 0.000000 
12 0 5 1.000000 
12 0 6 0.000000 
12 0 7 0.000000 
12 0 8 0.000000 
12 1 0 0.000000 
12 1 1 0.000000 
12 1 2 0.000000 
12 1 3 0.000000 
12 1 4 0.000000 
12 1 5 1.000000 
12 1 6 0.000000 
12 1 7 0.000000 
12 1 8 0.000000 
12 2 0 0.000000 
12 2 1 0.000000 
12 2 2 0.000000 
12 2 3 0.000000 
12 2 4 0.000000 
12 2 5 1.000000 
12 2 6 0.000000 
12 2 7 0.000000 
12 2 8 0.000000 
12 3 0 0.000000 
12 3 1 0.000000 
12 3 2 0.000000 
12 3 3 0.000000 
12 3 4 0.000000 
12 3 5 1.000000 
12 3 6 0.000000 
12 3 7 0.000000 
12 3 8 0.000000 
12 4 0 0.000000 
12 4 1 0.000000 
12 4 2 0.000000 
12 4 3 0.000000 
12 4 4 0.000000 
12 4 5 1.000000 
12 4 6 0.000000 
12 4 7 0.000000 
12 4 8 0.000000 
12 5 0 0.000000 
12 5 1 0.000000 
12 5 2 0.000000 
12 5 3 0.000000 
12 5 4 0.000000 
12 5 5 1.000000 
12 5 6 0.000000 
12 5 7 0.000000 
12 5 8 0.000000 
12 6 0 0.000000 
12 6 1 0.000000 
12 6 2 0.000000 
12 6 3 0.000000 
12 6 4 0.000000 
12 6 5 1.000000 
12 6 6 0.000000 
12 6 7 0.000000 
12 6 8 0.000000 
12 7 0 0.000000 
12 7 1 0.000000 
12 7 2 0.000000 
12 7 3 0.000000 
12 7 4 0.000000 
12 7 5 1.000000 
12 7 6 0.000000 
12 7 7 0.000000 
12 7 8 0.000000 
12 8 0 0.000000 
12 8 1 0.000000 
12 8 2 0.000000 
12 8 3 0.000000 
12 8 4 0.000000 
12 8 5 1.000000 
12 8 6 0.000000 
12 8 7 0.000000 
12 8 8 0.000000 
12 9 0 0.000000 
12 9 1 0.000000 
12 9 2 0.000000 
12 9 3 0.000000 
12 9 4 0.000000 
12 9 5 1.000000 
12 9 6 0.000000 
12 9 7 0.000000 
12 9 8 0.000000 
12 10 0 0.000000 
12 10 1 0.000000 
12 10 2 0.000000 
12 10 3 0.000000 
12 10 4 0.000000 
12 10 5 1.000000 
12 10 6 0.000000 
12 10 7 0.000000 
12 10 8 0.000000 
12 11 0 0.000000 
12 11 1 0.000000 
12 11 2 0.000000 
12 11 3 0.000000 
12 11 4 0.000000 
12 11 5 0.000000 
12 11 6 1.000000 
12 11 7 0.000000 
12 11 8 0.000000 
12 12 0 0.000000 
12 12 1 0.000000 
12 12 2 0.000000 
12 12 3 0.000000 
12 12 4 0.000000 
12 12 5 0.000000 
12 12 6 0.000000 
12 12 7 1.000000 
12 12 8 0.000000 
12 13 0 0.000000 
12 13 1 0.000000 
12 13 2 0.000000 
12 13 3 0.000000 
12 13 4 0.000000 
12 13 5 0.000000 
12 13 6 0.000000 
12 13 7 0.000000 
12 13 8 1.000000 
12 14 0 0.000000 
12 14 1 0.000000 
12 14 2 0.000000 
12 14 3 0.000000 
12 14 4 0.000000 
12 14 5 0.000000 
12 14 6 0.000000 
12 14 7 0.000000 
12 14 8 1.000000 
12 15 0 0.000000 
12 15 1 0.000000 
12 15 2 0.000000 
12 15 3 0.000000 
12 15 4 0.000000 
12 15 5 0.000000 
12 15 6 0.000000 
12 15 7 0.000000 
12 15 8 1.000000 
12 16 0 0.000000 
12 16 1 0.000000 
12 16 2 0.000000 
12 16 3 0.000000 
12 16 4 0.000000 
12 16 5 0.000000 
12 16 6 0.000000 
12 16 7 0.000000 
12 16 8 1.000000 
12 17 0 0.000000 
12 17 1 0.000000 
12 17 2 0.000000 
12 17 3 0.000000 
12 17 4 0.000000 
12 17 5 0.000000 
12 17 6 0.000000 
12 17 7 0.000000 
12 17 8 1.000000 
12 18 0 0.000000 
12 18 1 0.000000 
12 18 2 0.000000 
12 18 3 0.000000 
12 18 4 0.000000 
12 18 5 0.000000 
12 18 6 0.000000 
12 18 7 0.000000 
12 18 8 1.000000 
12 19 0 0.000000 
12 19 1 0.000000 
12 19 2 0.000000 
12 19 3 0.000000 
12 19 4 0.000000 
12 19 5 0.000000 
12 19 6 0.000000 
12 19 7 0.000000 
12 19 8 1.000000 
12 20 0 0.000000 
12 20 1 0.000000 
12 20 2 0.000000 
12 20 3 0.000000 
12 20 4 0.000000 
12 20 5 0.000000 
12 20 6 0.000000 
12 20 7 1.000000 
12 20 8 0.000000 
12 21 0 0.000000 
12 21 1 0.000000 
12 21 2 0.000000 
12 21 3 0.000000 
12 21 4 0.000000 
12 21 5 0.000000 
12 21 6 1.000000 
12 21 7 0.000000 
12 21 8 0.000000 
12 22 0 0.000000 
12 22 1 0.000000 
12 22 2 0.000000 
12 22 3 0.000000 
12 22 4 0.000000 
12 22 5 0.000000 
12 22 6 1.000000 
12 22 7 0.000000 
12 22 8 0.000000 
12 23 0 0.000000 
12 23 1 0.000000 
12 23 2 0.000000 
12 23 3 0.000000 
12 23 4 0.000000 
12 23 5 0.000000 
12 23 6 1.000000 
12 23 7 0.000000 
12 23 8 0.000000 
13 0 0 0.000000 
13 0 1 0.000000 
13 0 2 0.000000 
13 0 3 0.000000 
13 0 4 0.000000 
13 0 5 1.000000 
13 0 6 0.000000 
13 0 7 0.000000 
13 0 8 0.000000 
13 1 0 0.000000 
13 1 1 0.000000 
13 1 2 0.000000 
13 1 3 0.000000 
13 1 4 0.000000 
13 1 5 1.000000 
13 1 6 0.000000 
13 1 7 0.000000 
13 1 8 0.000000 
13 2 0 0.000000 
13 2 1 0.000000 
13 2 2 0.000000 
13 2 3 0.000000 
13 2 4 0.000000 
13 2 5 1.000000 
13 2 6 0.000000 
13 2 7 0.000000 
13 2 8 0.000000 
13 3 0 0.000000 
13 3 1 0.000000 
13 3 2 0.000000 
13 3 3 0.000000 
13 3 4 1.000000 
13 3 5 0.000000 
13 3 6 0.000000 
13 3 7 0.000000 
13 3 8 0.000000 
13 4 0 0.000000 
13 4 1 0.000000 
13 4 2 0.000000 
13 4 3 0.000000 
13 4 4 1.000000 
13 4 5 0.000000 
13 4 6 0.000000 
13 4 7 0.000000 
13 4 8 0.000000 
13 5 0 0.000000 
13 5 1 0.000000 
13 5 2 0.000000 
13 5 3 0.000000 
13 5 4 1.000000 
13 5 5 0.000000 
13 5 6 0.000000 
13 5 7 0.000000 
13 5 8 0.000000 
13 6 0 0.000000 
13 6 1 0.000000 
13 6 2 0.000000 
13 6 3 1.000000 
13 6 4 0.000000 
13 6 5 0.000000 
13 6 6 0.000000 
13 6 7 0.000000 
13 6 8 0.000000 
13 7 0 0.000000 
13 7 1 0.000000 
13 7 2 0.000000 
13 7 3 1.000000 
13 7 4 0.000000 
13 7 5 0.000000 
13 7 6 0.000000 
13 7 7 0.000000 
13 7 8 0.000000 
13 8 0 0.000000 
13 8 1 0.000000 
13 8 2 0.000000 
13 8 3 1.000000 
13 8 4 0.000000 
13 8 5 0.000000 
13 8 6 0.000000 
13 8 7 0.000000 
13 8 8 0.000000 
13 9 0 0.000000 
13 9 1 0.000000 
13 9 2 0.000000 
13 9 3 1.000000 
13 9 4 0.000000 
13 9 5 0.000000 
13 9 6 0.000000 
13 9 7 0.000000 
13 9 8 0.000000 
13 10 0 0.000000 
13 10 1 0.000000 
13 10 2 0.000000 
13 10 3 1.000000 
13 10 4 0.000000 
13 10 5 0.000000 
13 10 6 0.000000 
13 10 7 0.000000 
13 10 8 0.000000 
13 11 0 0.000000 
13 11 1 0.000000 
13 11 2 0.000000 
13 11 3 0.000000 
13 11 4 1.000000 
13 11 5 0.000000 
13 11 6 0.000000 
13 11 7 0.000000 
13 11 8 0.000000 
13 12 0 0.000000 
13 12 1 0.000000 
13 12 2 0.000000 
13 12 3 0.000000 
13 12 4 1.000000 
13 12 5 0.000000 
13 12 6 0.000000 
13 12 7 0.000000 
13 12 8 0.000000 
13 13 0 0.000000 
13 13 1 0.000000 
13 13 2 0.000000 
13 13 3 0.000000 
13 13 4 1.000000 
13 13 5 0.000000 
13 13 6 0.000000 
13 13 7 0.000000 
13 13 8 0.000000 
13 14 0 0.000000 
13 14 1 0.000000 
13 14 2 0.000000 
13 14 3 0.000000 
13 14 4 1.000000 
13 14 5 0.000000 
13 14 6 0.000000 
13 14 7 0.000000 
13 14 8 0.000000 
13 15 0 0.000000 
13 15 1 0.000000 
13 15 2 0.000000 
13 15 3 0.000000 
13 15 4 0.000000 
13 15 5 1.000000 
13 15 6 0.000000 
13 15 7 0.000000 
13 15 8 0.000000 
13 16 0 0.000000 
13 16 1 0.000000 
13 16 2 0.000000 
13 16 3 0.000000 
13 16 4 0.000000 
13 16 5 1.000000 
13 16 6 0.000000 
13 16 7 0.000000 
13 16 8 0.000000 
13 17 0 0.000000 
13 17 1 0.000000 
13 17 2 0.000000 
13 17 3 0.000000 
13 17 4 0.000000 
13 17 5 1.000000 
13 17 6 0.000000 
13 17 7 0.000000 
13 17 8 0.000000 
13 18 0 0.000000 
13 18 1 0.000000 
13 18 2 0.000000 
13 18 3 0.000000 
13 18 4 0.000000 
13 18 5 1.000000 
13 18 6 0.000000 
13 18 7 0.000000 
13 18 8 0.000000 
13 19 0 0.000000 
13 19 1 0.000000 
13 19 2 0.000000 
13 19 3 0.000000 
13 19 4 1.000000 
13 19 5 0.000000 
13 19 6 0.000000 
13 19 7 0.000000 
13 19 8 0.000000 
13 20 0 0.000000 
13 20 1 0.000000 
13 20 2 0.000000 
13 20 3 1.000000 
13 20 4 0.000000 
13 20 5 0.000000 
13 20 6 0.000000 
13 20 7 0.000000 
13 20 8 0.000000 
13 21 0 0.000000 
13 21 1 0.000000 
13 21 2 0.000000 
13 21 3 1.000000 
13 21 4 0.000000 
13 21 5 0.000000 
13 21 6 0.000000 
13 21 7 0.000000 
13 21 8 0.000000 
13 22 0 0.000000 
13 22 1 0.000000 
13 22 2 1.000000 
13 22 3 0.000000 
13 22 4 0.000000 
13 22 5 0.000000 
13 22 6 0.000000 
13 22 7 0.000000 
13 22 8 0.000000 
13 23 0 0.000000 
13 23 1 0.000000 
13 23 2 1.000000 
13 23 3 0.000000 
13 23 4 0.000000 
13 23 5 0.000000 
13 23 6 0.000000 
13 23 7 0.000000 
13 23 8 0.000000;

